 0.0001000000000000   -3.4188529747000000   0.0000000000000000   -0.0029714850000000   0.0013892450000000   -0.0000973600000000   0.0000000000000000   0.0000000000000000   0.0000000000000000   1.4306775500000000   -0.0023805650000000   0.0013892450000000   -0.0000693200000000   -0.0005909200000000   0.0000000000000000   -0.0000280400000000   
 0.0001500000000000   -3.4188529747000000   0.0000000000000000   -0.0029714850000000   0.0013892450000000   -0.0000973600000000   0.0000000000000000   0.0000000000000000   0.0000000000000000   1.4306775500000000   -0.0023805650000000   0.0013892450000000   -0.0000693200000000   -0.0005909200000000   0.0000000000000000   -0.0000280400000000   
 0.0002000000000000   -3.4188529747000000   0.0000000000000000   -0.0029714850000000   0.0013892450000000   -0.0000973600000000   0.0000000000000000   0.0000000000000000   0.0000000000000000   1.4306775500000000   -0.0023805650000000   0.0013892450000000   -0.0000693200000000   -0.0005909200000000   0.0000000000000000   -0.0000280400000000   
 0.0002500000000000   -3.4188529747000000   0.0000000000000000   -0.0029714850000000   0.0013892450000000   -0.0000973600000000   0.0000000000000000   0.0000000000000000   0.0000000000000000   1.4306775500000000   -0.0023805650000000   0.0013892450000000   -0.0000693200000000   -0.0005909200000000   0.0000000000000000   -0.0000280400000000   
 0.0003000000000000   -3.4188529747000000   0.0000000000000000   -0.0029714850000000   0.0013892450000000   -0.0000973600000000   0.0000000000000000   0.0000000000000000   0.0000000000000000   1.4306775500000000   -0.0023805650000000   0.0013892450000000   -0.0000693200000000   -0.0005909200000000   0.0000000000000000   -0.0000280400000000   
 0.0003500000000000   -3.4188529747000000   0.0000000000000000   -0.0029714850000000   0.0013892450000000   -0.0000973600000000   0.0000000000000000   0.0000000000000000   0.0000000000000000   1.4306775500000000   -0.0023805650000000   0.0013892450000000   -0.0000693200000000   -0.0005909200000000   0.0000000000000000   -0.0000280400000000   
 0.0004000000000000   -3.4188529747000000   0.0000000000000000   -0.0029714850000000   0.0013892450000000   -0.0000973600000000   0.0000000000000000   0.0000000000000000   0.0000000000000000   1.4306775500000000   -0.0023805650000000   0.0013892450000000   -0.0000693200000000   -0.0005909200000000   0.0000000000000000   -0.0000280400000000   
 0.0004500000000000   -3.4188529747000000   0.0000000000000000   -0.0029714850000000   0.0013892450000000   -0.0000973600000000   0.0000000000000000   0.0000000000000000   0.0000000000000000   1.4306775500000000   -0.0023805650000000   0.0013892450000000   -0.0000693200000000   -0.0005909200000000   0.0000000000000000   -0.0000280400000000   
 0.0005000000000000   -3.4188529747000000   0.0000000000000000   -0.0029714850000000   0.0013892450000000   -0.0000973600000000   0.0000000000000000   0.0000000000000000   0.0000000000000000   1.4306775500000000   -0.0023805650000000   0.0013892450000000   -0.0000693200000000   -0.0005909200000000   0.0000000000000000   -0.0000280400000000   
 0.0005500000000000   -3.4188529747000000   0.0000000000000000   -0.0029714850000000   0.0013892450000000   -0.0000973600000000   0.0000000000000000   0.0000000000000000   0.0000000000000000   1.4306775500000000   -0.0023805650000000   0.0013892450000000   -0.0000693200000000   -0.0005909200000000   0.0000000000000000   -0.0000280400000000   
 0.0006000000000000   -3.4188529747000000   0.0000000000000000   -0.0029714850000000   0.0013892450000000   -0.0000973600000000   0.0000000000000000   0.0000000000000000   0.0000000000000000   1.4306775500000000   -0.0023805650000000   0.0013892450000000   -0.0000693200000000   -0.0005909200000000   0.0000000000000000   -0.0000280400000000   
 0.0006500000000000   -3.4188529747000000   0.0000000000000000   -0.0029714850000000   0.0013892450000000   -0.0000973600000000   0.0000000000000000   0.0000000000000000   0.0000000000000000   1.4306775500000000   -0.0023805650000000   0.0013892450000000   -0.0000693200000000   -0.0005909200000000   0.0000000000000000   -0.0000280400000000   
 0.0007000000000000   -3.4188529747000000   0.0000000000000000   -0.0029714850000000   0.0013892450000000   -0.0000973600000000   0.0000000000000000   0.0000000000000000   0.0000000000000000   1.4306775500000000   -0.0023805650000000   0.0013892450000000   -0.0000693200000000   -0.0005909200000000   0.0000000000000000   -0.0000280400000000   
 0.0007500000000000   -3.4188529747000000   0.0000000000000000   -0.0029714850000000   0.0013892450000000   -0.0000973600000000   0.0000000000000000   0.0000000000000000   0.0000000000000000   1.4306775500000000   -0.0023805650000000   0.0013892450000000   -0.0000693200000000   -0.0005909200000000   0.0000000000000000   -0.0000280400000000   
 0.0008000000000000   -3.4188529747000000   0.0000000000000000   -0.0029714850000000   0.0013892450000000   -0.0000973600000000   0.0000000000000000   0.0000000000000000   0.0000000000000000   1.4306775500000000   -0.0023805650000000   0.0013892450000000   -0.0000693200000000   -0.0005909200000000   0.0000000000000000   -0.0000280400000000   
 0.0008500000000000   -3.4188529747000000   0.0000000000000000   -0.0029714850000000   0.0013892450000000   -0.0000973600000000   0.0000000000000000   0.0000000000000000   0.0000000000000000   1.4306775500000000   -0.0023805650000000   0.0013892450000000   -0.0000693200000000   -0.0005909200000000   0.0000000000000000   -0.0000280400000000   
 0.0009000000000000   -3.4188529747000000   0.0000000000000000   -0.0029714850000000   0.0013892450000000   -0.0000973600000000   0.0000000000000000   0.0000000000000000   0.0000000000000000   1.4306775500000000   -0.0023805650000000   0.0013892450000000   -0.0000693200000000   -0.0005909200000000   0.0000000000000000   -0.0000280400000000   
 0.0009500000000000   -3.4188529747000000   0.0000000000000000   -0.0029714850000000   0.0013892450000000   -0.0000973600000000   0.0000000000000000   0.0000000000000000   0.0000000000000000   1.4306775500000000   -0.0023805650000000   0.0013892450000000   -0.0000693200000000   -0.0005909200000000   0.0000000000000000   -0.0000280400000000   
 0.0010000000000000   -3.4188529747000000   0.0000000000000000   -0.0029714850000000   0.0013892450000000   -0.0000973600000000   0.0000000000000000   0.0000000000000000   0.0000000000000000   1.4306775500000000   -0.0023805650000000   0.0013892450000000   -0.0000693200000000   -0.0005909200000000   0.0000000000000000   -0.0000280400000000   
 0.0015000000000000   -3.4188529747000000   0.0000000000000000   -0.0029714850000000   0.0013892450000000   -0.0000973600000000   0.0000000000000000   0.0000000000000000   0.0000000000000000   1.4306775500000000   -0.0023805650000000   0.0013892450000000   -0.0000693200000000   -0.0005909200000000   0.0000000000000000   -0.0000280400000000   
 0.0020000000000000   -3.4188529746999952   -0.0000000004440892   -0.0029714849999999   0.0013892449999999   -0.0000973600000000   0.0000000000017347   -0.0000000000017347   -0.0000000000002304   1.4306775499999793   -0.0023805649999998   0.0013892449999999   -0.0000693200000000   -0.0005909200000000   0.0000000000000000   -0.0000280400000000   
 0.0025000000000000   -3.4188529746974776   0.0000000252953214   -0.0029714849999308   0.0013892449999451   -0.0000973600000064   0.0000000006813994   -0.0000000005409562   -0.0000000000632220   1.4306775499904438   -0.0023805649999288   0.0013892449999451   -0.0000693200000056   -0.0005909200000020   0.0000000000000000   -0.0000280400000008   
 0.0030000000000000   -3.4188529745483551   0.0000010366029023   -0.0029714849958232   0.0013892449966711   -0.0000973600003894   0.0000000285699319   -0.0000000227895442   -0.0000000026660893   1.4306775494251909   -0.0023805649957005   0.0013892449966711   -0.0000693200003426   -0.0005909200001227   0.0000000000000000   -0.0000280400000468   
 0.0035000000000000   -3.4188529718524951   0.0000143333870849   -0.0029714849214253   0.0013892449373022   -0.0000973600073321   0.0000003957402716   -0.0000003157266823   -0.0000000369116010   1.4306775392083864   -0.0023805649191770   0.0013892449373022   -0.0000693200064962   -0.0005909200022484   0.0000000000000000   -0.0000280400008360   
 0.0040000000000000   -3.4188529488736035   0.0000997937288361   -0.0029714842866166   0.0013892444317265   -0.0000973600663883   0.0000027575179553   -0.0000021933514033   -0.0000002560695356   1.4306774521718637   -0.0023805642678318   0.0013892444317265   -0.0000693200593075   -0.0005909200187848   0.0000000000000000   -0.0000280400070808   
 0.0045000000000000   -3.4188528305169958   0.0004414674825978   -0.0029714810156003   0.0013892418381894   -0.0000973603688535   0.0000122013686020   -0.0000096526932966   -0.0000011249408550   1.4306770042662715   -0.0023805609243177   0.0013892418381894   -0.0000693203324984   -0.0005909200912826   0.0000000000000000   -0.0000280400363551   
 0.0050000000000000   -3.4188524016582149   0.0014256193026085   -0.0029714691636115   0.0013892325007234   -0.0000973614558456   0.0000393948747235   -0.0000309426029590   -0.0000035993537296   1.4306753831006287   -0.0023805488683071   0.0013892325007234   -0.0000693213246373   -0.0005909202953044   0.0000000000000000   -0.0000280401312082   
 0.0055000000000000   -3.4188511961233421   0.0036688766111499   -0.0029714358578287   0.0013892064663152   -0.0000973644811323   0.0001013424286523   -0.0000789255297366   -0.0000091647025175   1.4306708317890939   -0.0023805151806538   0.0013892064663152   -0.0000693241151291   -0.0005909206771749   0.0000000000000000   -0.0000280403660032   
 0.0060000000000000   -3.4188483894764623   0.0079750770431986   -0.0029713583552680   0.0013891464235424   -0.0000973714470919   0.0002201692906886   -0.0001698566222329   -0.0000196936772867   1.4306602505746535   -0.0023804372796475   0.0013891464235424   -0.0000693306060690   -0.0005909210756205   0.0000000000000000   -0.0000280408410229   
 0.0065000000000000   -3.4188427278606794   0.0152396449595186   -0.0029712021060986   0.0013890265461542   -0.0000973853366456   0.0004204682678627   -0.0003211234200765   -0.0000371886142302   1.4306389375639639   -0.0023802812768766   0.0013890265461542   -0.0000693436723534   -0.0005909208292221   0.0000000000000000   -0.0000280416642922   
 0.0070000000000000   -3.4188325102502510   0.0263376381384456   -0.0029709202936699   0.0013888125442981   -0.0000974101085036   0.0007262138663948   -0.0005488139099920   -0.0000635079771864   1.4306005322866060   -0.0023800018717402   0.0013888125442981   -0.0000693671799186   -0.0005909184219297   0.0000000000000000   -0.0000280429285851   
 0.0075000000000000   -3.4188156240813949   0.0420261769009913   -0.0029704548417647   0.0013884628284775   -0.0000974505679227   0.0011580879000525   -0.0008657773480389   -0.0001001505411935   1.4305371596140011   -0.0023795436992094   0.0013884628284775   -0.0000694058753404   -0.0005909111425553   0.0000000000000000   -0.0000280446925823   
 0.0080000000000000   -3.4187896223715457   0.0628775458921815   -0.0029697385562479   0.0013879304521162   -0.0000975121511035   0.0017316554678625   -0.0012804680657122   -0.0001481275072016   1.4304397272068152   -0.0023788437302123   0.0013879304521162   -0.0000694651790121   -0.0005908948260356   0.0000000000000000   -0.0000280469720913   
 0.0085000000000000   -3.4187518257515261   0.0892461379046782   -0.0029686979442491   0.0013871654344684   -0.0000976006674296   0.0024564691151054   -0.0017965608041750   -0.0002079193388175   1.4302983128746867   -0.0023778342266764   0.0013871654344684   -0.0000695509246518   -0.0005908637175727   0.0000000000000000   -0.0000280497427778   
 0.0090000000000000   -3.4186994334708896   0.1212644231175357   -0.0029672562755223   0.0013861171170159   -0.0000977220372957   0.0033359624577908   -0.0024131665090506   -0.0002794973223909   1.4301025815932997   -0.0023764458046820   0.0013861171170159   -0.0000696690849444   -0.0005908104708403   0.0000000000000000   -0.0000280529523513   
 0.0095000000000000   -3.4186296308220889   0.1588598824269070   -0.0029653365456650   0.0013847363067206   -0.0000978820518884   0.0043679100838323   -0.0031254339153483   -0.0003623859649163   1.4298421854472785   -0.0023746102777418   0.0013847363067206   -0.0000698255134942   -0.0005907262679231   0.0000000000000000   -0.0000280565383942   
 0.0100000000000000   -3.4185396845793119   0.2017847418400720   -0.0029628641150272   0.0013829770629877   -0.0000980861699369   0.0055452302886137   -0.0039253448007835   -0.0004557454546367   1.4295071158725676   -0.0023722630802653   0.0013829770629877   -0.0000700257221406   -0.0005906010347618   0.0000000000000000   -0.0000280604477963   
 0.0150000000000000   -3.4160960958828981   0.8113695405537810   -0.0028960254801785   0.0013384517073140   -0.0001033077500555   0.0220888658953219   -0.0141670502929212   -0.0016704967470765   1.4204774306395618   -0.0023114586903369   0.0013384517073140   -0.0000751737061939   -0.0005845667898416   0.0000000000000000   -0.0000281340438616   
 0.0200000000000000   -3.4104444550563242   1.4248024973717577   -0.0027443753117201   0.0012455602893722   -0.0001142004498027   0.0375834671677028   -0.0221822784934596   -0.0025643361306680   1.3998561459351917   -0.0021803999699475   0.0012455602893722   -0.0000857875471533   -0.0005639753417726   0.0000000000000000   -0.0000284129026494   
 0.0250000000000000   -3.4021342459423489   1.8733972408824684   -0.0025322755656846   0.0011249467812933   -0.0001275801009863   0.0460520168842349   -0.0253296438012508   -0.0026589497083416   1.3702679941669160   -0.0020044904542868   0.0011249467812933   -0.0000986698217732   -0.0005277851113978   0.0000000000000000   -0.0000289102792131   
 0.0300000000000000   -3.3919039240127624   2.2057880202000195   -0.0022941794740511   0.0009979579783377   -0.0001397797836616   0.0483604285719355   -0.0250580369785756   -0.0021512403377928   1.3354536666266081   -0.0018131015633193   0.0009979579783377   -0.0001104770234909   -0.0004810779107319   0.0000000000000000   -0.0000293027601707   
 0.0350000000000000   -3.3801592700709708   2.4869742025010293   -0.0020549241416887   0.0008771222125477   -0.0001486859764238   0.0468943167439589   -0.0231082624021944   -0.0013952440258776   1.2980098592503979   -0.0016250972760355   0.0008771222125477   -0.0001194160923636   -0.0004298268656532   0.0000000000000000   -0.0000292698840602   
 0.0400000000000000   -3.3670723661265343   2.7442973310520813   -0.0018283373520011   0.0007678162027223   -0.0001537444981048   0.0435415671470830   -0.0205756240676355   -0.0006419809258942   1.2593614372022430   -0.0014497731715692   0.0007678162027223   -0.0001250503989693   -0.0003785641804319   0.0000000000000000   -0.0000286940991355   
 0.0450000000000000   -3.3527570459653280   2.9768643732843274   -0.0016207140358696   0.0006714056358309   -0.0001553131579447   0.0394479379780392   -0.0180090012009411   -0.0000102842018690   1.2202404297411431   -0.0012906209429208   0.0006714056358309   -0.0001276824477122   -0.0003300930929488   0.0000000000000000   -0.0000276307102324   
 0.0500000000000000   -3.3373635644633053   3.1736023167660221   -0.0014340510142412   0.0005873874208123   -0.0001541054549620   0.0352284657567561   -0.0156406727738159   0.0004678922969075   1.1810699080443126   -0.0011481758390040   0.0005873874208123   -0.0001278909021700   -0.0002858751752372   0.0000000000000000   -0.0000262145527920   
 0.0550000000000000   -3.3210972238396090   3.3248310500182185   -0.0012681233152283   0.0005145405626380   -0.0001508729160978   0.0311873063621732   -0.0135451626778159   0.0008033214838853   1.1421660002613356   -0.0010216412477019   0.0005145405626380   -0.0001262828813796   -0.0002464820675264   0.0000000000000000   -0.0000245900347183   
 0.0600000000000000   -3.3041978593507162   3.4266983755701679   -0.0011216480947982   0.0004514733374159   -0.0001462664636034   0.0274613125882899   -0.0117262928646037   0.0010222474211752   1.1038122218514717   -0.0009097025592086   0.0004514733374159   -0.0001233893036391   -0.0002119455355896   0.0000000000000000   -0.0000228771599643   
 0.0650000000000000   -3.2869093948626049   3.4812080882213126   -0.0009928991462170   0.0003968558615314   -0.0001407975614320   0.0241005414685693   -0.0101602675989686   0.0011527630878113   1.0662701812611490   -0.0008109032951586   0.0003968558615314   -0.0001196353087010   -0.0001819958510585   0.0000000000000000   -0.0000211622527310   
 0.0700000000000000   -3.2694547351015122   3.4944075097991787   -0.0008800233349938   0.0003495020356561   -0.0001348452339242   0.0211106704956646   -0.0088154514434617   0.0012192592517940   1.0297687917750840   -0.0007238087599923   0.0003495020356561   -0.0001153442905006   -0.0001562145750015   0.0000000000000000   -0.0000195009434237   
 0.0750000000000000   -3.2520208171589209   3.4743176680425201   -0.0007812015135787   0.0003083848817805   -0.0001286793640613   0.0184750177316629   -0.0076606337571026   0.0012409539705295   0.9944926642394940   -0.0006470732455155   0.0003083848817805   -0.0001107540304879   -0.0001341282680632   0.0000000000000000   -0.0000179253335733   
 0.0800000000000000   -3.2347530454986990   3.4293114494490795   -0.0006947282648150   0.0002726257228587   -0.0001224862312380   0.0161661643425381   -0.0066679352884566   0.0012321938193356   0.9605766803959339   -0.0005794650973252   0.0002726257228587   -0.0001060349553907   -0.0001152631674898   0.0000000000000000   -0.0000164512758473   
 0.0850000000000000   -3.2177563108251044   3.3671003519034439   -0.0006190481991702   0.0002414754463623   -0.0001163907365789   0.0141522911635464   -0.0058134091825361   0.0012033470180239   0.9281070321153319   -0.0005198733941532   0.0002414754463623   -0.0001013065043444   -0.0000991748050170   0.0000000000000000   -0.0000150842322345   
 0.0900000000000000   -3.2010997203649825   3.2942380950511878   -0.0005527682322152   0.0002142953257325   -0.0001104738798395   0.0124007325257072   -0.0050767711051544   0.0011617559581919   0.8971266586738414   -0.0004673062161861   0.0002142953257325   -0.0000966504254773   -0.0000854620160290   0.0000000000000000   -0.0000138234543622   
 0.0950000000000000   -3.1848228566175192   3.2159781863949886   -0.0004946563303189   0.0001905399614806   -0.0001047857807646   0.0108799766865735   -0.0044408847357142   0.0011125505584680   0.8676428080518016   -0.0004208847348597   0.0001905399614806   -0.0000921210374117   -0.0000737715954592   0.0000000000000000   -0.0000126647433528   
 0.1000000000000000   -3.1689421808666949   3.1363368772884925   -0.0004436327449989   0.0001697428536919   -0.0000993550910288   0.0095607459886026   -0.0038912458234323   0.0010592783313262   0.8396350214887829   -0.0003798351004409   0.0001697428536919   -0.0000877529214433   -0.0000637976445580   0.0000000000000000   -0.0000116021695855   
 0.1500000000000000   -3.0280157115699433   2.5976885631566891   -0.0001678599486729   0.0000591096815699   -0.0000591786209658   0.0029370411897487   -0.0011458796609824   0.0005832887436236   0.6279350517467721   -0.0001512628017726   0.0000591096815696   -0.0000542960524656   -0.0000165971469002   0.0000000000000003   -0.0000048825685002   
 0.2000000000000000   -2.9010946088849936   2.5293352894857346   -0.0000756060859313   0.0000240872319565   -0.0000372284640142   0.0011026118404402   -0.0004013053756799   0.0003241900361291   0.4982609667824845   -0.0000704928576540   0.0000240872319526   -0.0000350909550902   -0.0000051132282773   0.0000000000000039   -0.0000021375089241   
 0.2500000000000000   -2.7725842034899801   2.6176981840663842   -0.0000384938796696   0.0000110402317935   -0.0000246825560208   0.0004823184054209   -0.0001616507244513   0.0001917355340051   0.4114951033154602   -0.0000367039054816   0.0000110402317782   -0.0000236988673114   -0.0000017899741880   0.0000000000000153   -0.0000009836887095   
 0.3000000000000000   -2.6396697344450613   2.6893140651965308   -0.0000214066036091   0.0000055267460269   -0.0000170648986930   0.0002357340976335   -0.0000723968263899   0.0001198335659431   0.3491577108322057   -0.0000207149895299   0.0000055267459923   -0.0000165892478957   -0.0000006916140793   0.0000000000000346   -0.0000004756507973   
 0.3500000000000000   -2.5048237210230044   2.6923139833203145   -0.0000127255590935   0.0000029636456019   -0.0000122018060982   0.0001251846038424   -0.0000351793283295   0.0000782680383562   0.3021788403033075   -0.0000124360671274   0.0000029636455441   -0.0000119610214158   -0.0000002894919661   0.0000000000000578   -0.0000002407846824   
 0.4000000000000000   -2.3715655518924028   2.6281614699824818   -0.0000079736835510   0.0000016803672221   -0.0000089706320645   0.0000709128104634   -0.0000182420208947   0.0000529668500379   0.2656387122320132   -0.0000078440587218   0.0000016803671415   -0.0000088435158560   -0.0000001296248291   0.0000000000000806   -0.0000001271162085   
 0.4500000000000000   -2.2428220041811264   2.5151452144782747   -0.0000052150538847   0.0000009982479866   -0.0000067526484353   0.0000423143528156   -0.0000099794425070   0.0000369160215069   0.2365967331222046   -0.0000051535306535   0.0000009982478863   -0.0000066829105337   -0.0000000615232311   0.0000000000001003   -0.0000000697379016   
 0.5000000000000000   -2.1205378804991537   2.3727704835196164   -0.0000035350404765   0.0000006171478124   -0.0000051879154517   0.0000263602983611   -0.0000057124101829   0.0000263834890792   0.2131476852709399   -0.0000035043075140   0.0000006171476964   -0.0000051482840700   -0.0000000307329625   0.0000000000001159   -0.0000000396313817   
 0.5500000000000000   -2.0057723792071260   2.2165884111300693   -0.0000024701839740   0.0000003949775566   -0.0000040577290248   0.0000170303309170   -0.0000034003860331   0.0000192726627125   0.1939793905143397   -0.0000024541189379   0.0000003949774291   -0.0000040344678682   -0.0000000160650361   0.0000000000001275   -0.0000000232611566   
 0.6000000000000001   -1.8989262187427816   2.0574432976867127   -0.0000017718800769   0.0000002605848481   -0.0000032243914843   0.0000113522562284   -0.0000020947257055   0.0000143526914457   0.1781479340997321   -0.0000017631345534   0.0000002605847125   -0.0000032103290797   -0.0000000087455235   0.0000000000001356   -0.0000000140624046   
 0.6500000000000000   -1.7999608700351302   1.9022333535594562   -0.0000013002935238   0.0000001766040044   -0.0000025985821603   0.0000077761694384   -0.0000013301726096   0.0000108743513589   0.1649535396960018   -0.0000012953554566   0.0000001766038636   -0.0000025898479169   -0.0000000049380672   0.0000000000001408   -0.0000000087342435   
 0.7000000000000001   -1.7085693960092021   1.7549682604253376   -0.0000009735301425   0.0000001225884198   -0.0000021208549357   0.0000054556301815   -0.0000008678604768   0.0000083674947252   0.1538663685299407   -0.0000009706480573   0.0000001225882760   -0.0000021152944645   -0.0000000028820853   0.0000000000001438   -0.0000000055604711   
 0.7500000000000000   -1.6242967942533326   1.6176969445234866   -0.0000007419260577   0.0000000869377248   -0.0000017507446483   0.0000039096655179   -0.0000005801623661   0.0000065292629470   0.1444790288558110   -0.0000007401923145   0.0000000869375797   -0.0000017471240638   -0.0000000017337431   0.0000000000001451   -0.0000000036205845   
 0.8000000000000000   -1.5466195991753080   1.4912066347067183   -0.0000005744287319   0.0000000628553345   -0.0000014601475793   0.0000028553567002   -0.0000003964372027   0.0000051600156789   0.1364745156084762   -0.0000005733563319   0.0000000628551892   -0.0000014577412357   -0.0000000010724000   0.0000000000001453   -0.0000000024063436   
 0.8500000000000001   -1.4749959752900879   1.3755111857823539   -0.0000004510902857   0.0000000462425335   -0.0000012291884951   0.0000021211326944   -0.0000002763311964   0.0000041254188496   0.1296037086689686   -0.0000004504095282   0.0000000462423889   -0.0000012275590382   -0.0000000006807575   0.0000000000001445   -0.0000000016294569   
 0.8999999999999999   -1.4088956687807910   1.2701768363932462   -0.0000003587833187   0.0000000345622266   -0.0000010435781012   0.0000016000842722   -0.0000001961260838   0.0000033333871837   0.1236691404925594   -0.0000003583404690   0.0000000345620834   -0.0000010424558673   -0.0000000004428497   0.0000000000001431   -0.0000000011222339   
 0.9500000000000001   -1.3478167378220773   1.1745323922907704   -0.0000002886793868   0.0000000262062748   -0.0000008928872551   0.0000012239513872   -0.0000001415159095   0.0000027197192164   0.1185130563165872   -0.0000002883844673   0.0000000262061334   -0.0000008921024292   -0.0000000002949196   0.0000000000001414   -0.0000000007848260   
 1.0000000000000000   -1.2912938678934325   1.0878009157554671   -0.0000002347235214   0.0000000201330558   -0.0000007693981267   0.0000009481810679   -0.0000001036656492   0.0000022389535557   0.1140085054270857   -0.0000002345225779   0.0000000201329166   -0.0000007688416567   -0.0000000002009435   0.0000000000001393   -0.0000000005564700   
 1.5000000000000000   -0.9008143829258162   0.5555055820422193   -0.0000000450767945   0.0000000024492937   -0.0000002319171617   0.0000001228459971   -0.0000000085268215   0.0000004627865273   0.0891194823716061   -0.0000000450607723   0.0000000024491772   -0.0000002318902713   -0.0000000000160222   0.0000000000001165   -0.0000000000268904   
 2.0000000000000000   -0.6868753357746832   0.3287568056183738   -0.0000000138964775   0.0000000005450582   -0.0000000976366196   0.0000000284160094   -0.0000000014224938   0.0000001473273818   0.0795163743609025   -0.0000000138879893   0.0000000005449585   -0.0000000976395898   -0.0000000000084882   0.0000000000000997   0.0000000000029702   
 2.5000000000000000   -0.5537406153512425   0.2154611969621235   -0.0000000055846139   0.0000000001703945   -0.0000000497394211   0.0000000091130515   -0.0000000003544034   0.0000000602041050   0.0748006727954390   -0.0000000055772108   0.0000000001703062   -0.0000000497452033   -0.0000000000074031   0.0000000000000884   0.0000000000057822   
 3.0000000000000000   -0.4633662864759454   0.1515658187518496   -0.0000000026578705   0.0000000000661922   -0.0000000286408985   0.0000000036005994   -0.0000000001140672   0.0000000289116527   0.0721131363475964   -0.0000000026508991   0.0000000000661118   -0.0000000286466454   -0.0000000000069713   0.0000000000000804   0.0000000000057468   
 3.5000000000000000   -0.3981514082303749   0.1122172403619067   -0.0000000014226145   0.0000000000299276   -0.0000000179570299   0.0000000016436744   -0.0000000000438180   0.0000000155381355   0.0704206966626752   -0.0000000014159162   0.0000000000298530   -0.0000000179623754   -0.0000000000066983   0.0000000000000746   0.0000000000053455   
 4.0000000000000000   -0.3489313798605606   0.0863439303260756   -0.0000000008303924   0.0000000000151622   -0.0000000119845481   0.0000000008340808   -0.0000000000191536   0.0000000090717544   0.0692763353366228   -0.0000000008238949   0.0000000000150921   -0.0000000119894894   -0.0000000000064976   0.0000000000000701   0.0000000000049412   
 4.5000000000000000   -0.3104902083910253   0.0684525525590293   -0.0000000005182894   0.0000000000084116   -0.0000000083900968   0.0000000004588717   -0.0000000000092371   0.0000000056432849   0.0684604017885897   -0.0000000005119483   0.0000000000083450   -0.0000000083946865   -0.0000000000063411   0.0000000000000666   0.0000000000045897   
 5.0000000000000000   -0.2796491260497705   0.0555788029971950   -0.0000000003413482   0.0000000000050380   -0.0000000060995275   0.0000000002690549   -0.0000000000048121   0.0000000036909383   0.0678542993687359   -0.0000000003351333   0.0000000000049741   -0.0000000061038194   -0.0000000000062150   0.0000000000000638   0.0000000000042919   
 5.5000000000000000   -0.2543636311257652   0.0460129474652704   -0.0000000002350336   0.0000000000032289   -0.0000000045717499   0.0000000001660966   -0.0000000000026675   0.0000000025139929   0.0673891714975935   -0.0000000002289225   0.0000000000031674   -0.0000000045757895   -0.0000000000061111   0.0000000000000615   0.0000000000040397   
 6.0000000000000000   -0.2332603377467075   0.0387142550795957   -0.0000000001680579   0.0000000000022018   -0.0000000035141009   0.0000000001069900   -0.0000000000015560   0.0000000017707132   0.0670226691874373   -0.0000000001620339   0.0000000000021422   -0.0000000035179252   -0.0000000000060240   0.0000000000000596   0.0000000000038243   
 6.5000000000000000   -0.2153831022731174   0.0330204504699302   -0.0000000001241725   0.0000000000015905   -0.0000000027588940   0.0000000000714205   -0.0000000000009471   0.0000000012827961   0.0667274979272902   -0.0000000001182226   0.0000000000015326   -0.0000000027625328   -0.0000000000059499   0.0000000000000579   0.0000000000036388   
 7.0000000000000000   -0.2000460600553560   0.0284941177695328   -0.0000000000944463   0.0000000000012121   -0.0000000022053583   0.0000000000491471   -0.0000000000005976   0.0000000009518710   0.0664853703095298   -0.0000000000885602   0.0000000000011555   -0.0000000022088359   -0.0000000000058861   0.0000000000000565   0.0000000000034776   
 7.5000000000000000   -0.1867445854059596   0.0248370832931088   -0.0000000000737308   0.0000000000009697   -0.0000000017904578   0.0000000000347172   -0.0000000000003889   0.0000000007210587   0.0662836271267178   -0.0000000000679002   0.0000000000009144   -0.0000000017937940   -0.0000000000058306   0.0000000000000553   0.0000000000033362   
 8.0000000000000000   -0.1750992230915100   0.0218404973314811   -0.0000000000589354   0.0000000000008100   -0.0000000014733883   0.0000000000250898   -0.0000000000002599   0.0000000005561279   0.0661132577541139   -0.0000000000531535   0.0000000000007558   -0.0000000014765997   -0.0000000000057819   0.0000000000000542   0.0000000000032114   
 8.5000000000000000   -0.1648191943061567   0.0193545858563379   -0.0000000000481386   0.0000000000007021   -0.0000000012269448   0.0000000000184993   -0.0000000000001777   0.0000000004357535   0.0659676925929458   -0.0000000000423998   0.0000000000006488   -0.0000000012300452   -0.0000000000057388   0.0000000000000533   0.0000000000031004   
 9.0000000000000000   -0.1556779522777526   0.0172696982063007   -0.0000000000401090   0.0000000000006276   -0.0000000010325158   0.0000000000138845   -0.0000000000001241   0.0000000003462444   0.0658420404268897   -0.0000000000344086   0.0000000000005752   -0.0000000010355168   -0.0000000000057004   0.0000000000000525   0.0000000000030010   
 9.5000000000000000   -0.1474963928998552   0.0155040797765040   -0.0000000000340358   0.0000000000005751   -0.0000000008770764   0.0000000000105874   -0.0000000000000882   0.0000000002785747   0.0657325919838979   -0.0000000000283698   0.0000000000005234   -0.0000000008799880   -0.0000000000056660   0.0000000000000517   0.0000000000029116   
 10.0000000000000000   -0.1401310649998764   0.0139957770951531   -0.0000000000293726   0.0000000000005376   -0.0000000007513268   0.0000000000081890   -0.0000000000000636   0.0000000002266523   0.0656364880887944   -0.0000000000237377   0.0000000000004865   -0.0000000007541574   -0.0000000000056349   0.0000000000000510   0.0000000000028306   
 15.0000000000000000   -0.0934492837402488   0.0062274687315067   -0.0000000000129075   0.0000000000004338   -0.0000000002213795   0.0000000000010930   -0.0000000000000044   0.0000000000444268   0.0650803616164766   -0.0000000000074705   0.0000000000003871   -0.0000000002236885   -0.0000000000054370   0.0000000000000467   0.0000000000023089   
 20.0000000000000000   -0.0700920800172219   0.0035041166674988   -0.0000000000100661   0.0000000000004248   -0.0000000000932280   0.0000000000002706   -0.0000000000000005   0.0000000000139887   0.0648360944736527   -0.0000000000047288   0.0000000000003802   -0.0000000000952703   -0.0000000000053373   0.0000000000000446   0.0000000000020423   
 25.0000000000000000   -0.0560746851598268   0.0022429101658571   -0.0000000000092452   0.0000000000004235   -0.0000000000477947   0.0000000000000953   -0.0000000000000001   0.0000000000057078   0.0647002620338951   -0.0000000000039680   0.0000000000003802   -0.0000000000496753   -0.0000000000052772   0.0000000000000433   0.0000000000018806   
 30.0000000000000000   -0.0467289730545115   0.0015576542182798   -0.0000000000089241   0.0000000000004233   -0.0000000000277867   0.0000000000000423   -0.0000000000000000   0.0000000000027430   0.0646141552590812   -0.0000000000036870   0.0000000000003808   -0.0000000000295587   -0.0000000000052371   0.0000000000000424   0.0000000000017720   
 35.0000000000000000   -0.0400532382238090   0.0011444218610864   -0.0000000000087701   0.0000000000004231   -0.0000000000176458   0.0000000000000222   -0.0000000000000000   0.0000000000014756   0.0645548219838422   -0.0000000000035617   0.0000000000003813   -0.0000000000193399   -0.0000000000052084   0.0000000000000418   0.0000000000016941   
 40.0000000000000000   -0.0350463735023362   0.0008762035917833   -0.0000000000086844   0.0000000000004230   -0.0000000000119726   0.0000000000000132   -0.0000000000000000   0.0000000000008619   0.0645115067961966   -0.0000000000034976   0.0000000000003816   -0.0000000000136081   -0.0000000000051868   0.0000000000000414   0.0000000000016355   
 45.0000000000000000   -0.0311521340815515   0.0006923089368638   -0.0000000000086312   0.0000000000004228   -0.0000000000085576   0.0000000000000086   -0.0000000000000000   0.0000000000005361   0.0644785180371808   -0.0000000000034612   0.0000000000003818   -0.0000000000101474   -0.0000000000051701   0.0000000000000410   0.0000000000015898   
 50.0000000000000000   -0.0280367482470220   0.0005607683955855   -0.0000000000085954   0.0000000000004227   -0.0000000000063823   0.0000000000000060   -0.0000000000000000   0.0000000000003503   0.0644525679362211   -0.0000000000034388   0.0000000000003819   -0.0000000000079355   -0.0000000000051566   0.0000000000000407   0.0000000000015532   
 55.0000000000000000   -0.0254878067151075   0.0004634427275984   -0.0000000000085696   0.0000000000004225   -0.0000000000049332   0.0000000000000044   -0.0000000000000000   0.0000000000002383   0.0644316272156098   -0.0000000000034240   0.0000000000003820   -0.0000000000064563   -0.0000000000051456   0.0000000000000405   0.0000000000015232   
 60.0000000000000000   -0.0233636997788738   0.0003894184988100   -0.0000000000085502   0.0000000000004224   -0.0000000000039317   0.0000000000000034   -0.0000000000000000   0.0000000000001675   0.0644143766161843   -0.0000000000034137   0.0000000000003821   -0.0000000000054298   -0.0000000000051365   0.0000000000000403   0.0000000000014981   
 65.0000000000000000   -0.0215663885695723   0.0003318103359641   -0.0000000000085349   0.0000000000004222   -0.0000000000032184   0.0000000000000027   -0.0000000000000000   0.0000000000001210   0.0643999218577216   -0.0000000000034062   0.0000000000003821   -0.0000000000046953   -0.0000000000051287   0.0000000000000401   0.0000000000014769   
 70.0000000000000000   -0.0200258448055169   0.0002861001670452   -0.0000000000085226   0.0000000000004221   -0.0000000000026971   0.0000000000000022   -0.0000000000000000   0.0000000000000895   0.0643876355275893   -0.0000000000034005   0.0000000000003821   -0.0000000000041558   -0.0000000000051221   0.0000000000000400   0.0000000000014587   
 75.0000000000000000   -0.0186907142503591   0.0002492236844754   -0.0000000000085124   0.0000000000004220   -0.0000000000023077   0.0000000000000019   -0.0000000000000000   0.0000000000000675   0.0643770645833393   -0.0000000000033961   0.0000000000003821   -0.0000000000037507   -0.0000000000051163   0.0000000000000399   0.0000000000014429   
 80.0000000000000000   -0.0175224812093060   0.0002190431218503   -0.0000000000085038   0.0000000000004219   -0.0000000000020115   0.0000000000000016   -0.0000000000000000   0.0000000000000518   0.0643678737893682   -0.0000000000033926   0.0000000000003821   -0.0000000000034405   -0.0000000000051112   0.0000000000000398   0.0000000000014291   
 85.0000000000000000   -0.0164916925425432   0.0001940303281606   -0.0000000000084964   0.0000000000004218   -0.0000000000017822   0.0000000000000014   -0.0000000000000000   0.0000000000000404   0.0643598098069425   -0.0000000000033896   0.0000000000003821   -0.0000000000031991   -0.0000000000051068   0.0000000000000397   0.0000000000014169   
 90.0000000000000000   -0.0155754403085728   0.0001730694638846   -0.0000000000084900   0.0000000000004217   -0.0000000000016023   0.0000000000000012   -0.0000000000000000   0.0000000000000319   0.0643526776518522   -0.0000000000033872   0.0000000000003821   -0.0000000000030084   -0.0000000000051028   0.0000000000000396   0.0000000000014060   
 95.0000000000000000   -0.0147556393479609   0.0001553303691729   -0.0000000000084844   0.0000000000004216   -0.0000000000014593   0.0000000000000011   -0.0000000000000000   0.0000000000000255   0.0643463248242407   -0.0000000000033851   0.0000000000003821   -0.0000000000028557   -0.0000000000050993   0.0000000000000395   0.0000000000013963   
 100.0000000000000000   -0.0140178215857103   0.0001401850877438   -0.0000000000084795   0.0000000000004215   -0.0000000000013444   0.0000000000000009   -0.0000000000000000   0.0000000000000206   0.0643406303461134   -0.0000000000033834   0.0000000000003821   -0.0000000000027320   -0.0000000000050961   0.0000000000000394   0.0000000000013876   
