 0.0001000000000000   -3.1448663031000001   0.0000000000000000   -0.0004959500000000   0.0002296450000000   0.0000418650000000   -0.0000000000216840   0.0000000000000000   0.0000000000000000   0.7162483700000000   -0.0003698750000000   0.0002296450000000   0.0000334700000000   -0.0001260750000000   0.0000000000000000   0.0000083950000000   
 0.0001500000000000   -3.1448663031000001   0.0000000000000000   -0.0004959500000000   0.0002296450000000   0.0000418650000000   -0.0000000000096374   0.0000000000000000   0.0000000000000000   0.7162483700000000   -0.0003698750000000   0.0002296450000000   0.0000334700000000   -0.0001260750000000   0.0000000000000000   0.0000083950000000   
 0.0002000000000000   -3.1448663031000001   0.0000000000000000   -0.0004959500000000   0.0002296450000000   0.0000418650000000   -0.0000000000054210   0.0000000000000000   0.0000000000000000   0.7162483700000000   -0.0003698750000000   0.0002296450000000   0.0000334700000000   -0.0001260750000000   0.0000000000000000   0.0000083950000000   
 0.0002500000000000   -3.1448663031000001   0.0000000000000000   -0.0004959500000000   0.0002296450000000   0.0000418650000000   -0.0000000000034694   0.0000000000000000   0.0000000000000000   0.7162483700000000   -0.0003698750000000   0.0002296450000000   0.0000334700000000   -0.0001260750000000   0.0000000000000000   0.0000083950000000   
 0.0003000000000000   -3.1448663031000001   0.0000000000000000   -0.0004959500000000   0.0002296450000000   0.0000418650000000   -0.0000000000024093   0.0000000000000000   0.0000000000000000   0.7162483700000000   -0.0003698750000000   0.0002296450000000   0.0000334700000000   -0.0001260750000000   0.0000000000000000   0.0000083950000000   
 0.0003500000000000   -3.1448663030999997   0.0000000290017443   -0.0004959500000000   0.0002296450000000   0.0000418650000000   0.0000000000017701   0.0000000000000000   -0.0000000000002213   0.7162483699999997   -0.0003698750000000   0.0002296450000000   0.0000334700000000   -0.0001260750000000   0.0000000000000000   0.0000083950000000   
 0.0004000000000000   -3.1448663030999979   0.0000000111022302   -0.0004959499999999   0.0002296450000000   0.0000418650000000   0.0000000000054210   -0.0000000000040658   -0.0000000000006776   0.7162483699999725   -0.0003698749999999   0.0002296450000000   0.0000334700000000   -0.0001260750000000   0.0000000000000000   0.0000083950000000   
 0.0004500000000000   -3.1448663030999437   0.0000000087721325   -0.0004959499999982   0.0002296449999986   0.0000418649999998   0.0000000001027984   -0.0000000000835237   -0.0000000000112436   0.7162483699992201   -0.0003698749999982   0.0002296449999986   0.0000334699999998   -0.0001260750000000   0.0000000000000000   0.0000083950000000   
 0.0005000000000000   -3.1448663030991773   0.0000000426325641   -0.0004959499999744   0.0002296449999795   0.0000418649999972   0.0000000012316537   -0.0000000009866240   -0.0000000001334653   0.7162483699886555   -0.0003698749999744   0.0002296449999795   0.0000334699999971   -0.0001260750000000   0.0000000000000000   0.0000083950000002   
 0.0005500000000000   -3.1448663030926438   0.0000003053572088   -0.0004959499997715   0.0002296449998170   0.0000418649999752   0.0000000091015636   -0.0000000072869138   -0.0000000009873408   0.7162483698985475   -0.0003698749997714   0.0002296449998170   0.0000334699999736   -0.0001260750000001   0.0000000000000000   0.0000083950000016   
 0.0006000000000000   -3.1448663030543154   0.0000015247062872   -0.0004959499985816   0.0002296449988646   0.0000418649998461   0.0000000474850435   -0.0000000380015873   -0.0000000051521438   0.7162483693699632   -0.0003698749985813   0.0002296449988646   0.0000334699998364   -0.0001260750000003   0.0000000000000000   0.0000083950000097   
 0.0006500000000000   -3.1448663028856489   0.0000061258033491   -0.0004959499933480   0.0002296449946783   0.0000418649992783   0.0000001898136480   -0.0000001517777829   -0.0000000205915654   0.7162483670441997   -0.0003698749933498   0.0002296449946783   0.0000334699992330   -0.0001260749999982   0.0000000000000000   0.0000083950000453   
 0.0007000000000000   -3.1448663022930825   0.0000198734452930   -0.0004959499749724   0.0002296449799946   0.0000418649972851   0.0000006160100420   -0.0000004920001039   -0.0000000668106952   0.7162483588743019   -0.0003698749749959   0.0002296449799946   0.0000334699971160   -0.0001260749999765   0.0000000000000000   0.0000083950001691   
 0.0007500000000000   -3.1448663005528279   0.0000546612631701   -0.0004959499210475   0.0002296449369620   0.0000418649914377   0.0000016935897129   -0.0000013506061624   -0.0000001836179742   0.7162483348851025   -0.0003698749211890   0.0002296449369620   0.0000334699909098   -0.0001260749998585   0.0000000000000000   0.0000083950005279   
 0.0008000000000000   -3.1448662961307146   0.0001315808573210   -0.0004959497841430   0.0002296448278971   0.0000418649765983   0.0000040718561064   -0.0000032411415877   -0.0000004412706230   0.7162482739398160   -0.0003698747847559   0.0002296448278971   0.0000334699751737   -0.0001260749993871   0.0000000000000000   0.0000083950014246   
 0.0008500000000000   -3.1448662861484116   0.0002837474968558   -0.0004959494754215   0.0002296445824611   0.0000418649431517   0.0000087712649043   -0.0000069662021430   -0.0000009500414575   0.7162481363988912   -0.0003698744775605   0.0002296445824611   0.0000334699397446   -0.0001260749978610   0.0000000000000000   0.0000083950034072   
 0.0009000000000000   -3.1448662657172535   0.0005587300169854   -0.0004959488442980   0.0002296440819252   0.0000418648748158   0.0000172494988864   -0.0000136642164436   -0.0000018671995628   0.7162478549701840   -0.0003698738506568   0.0002296440819252   0.0000334698674506   -0.0001260749936412   0.0000000000000000   0.0000083950073651   
 0.0009500000000000   -3.1448662271872849   0.0010194989204956   -0.0004959476556760   0.0002296431418469   0.0000418647461989   0.0000314307362647   -0.0000248249779843   -0.0000033999589331   0.7162473244128362   -0.0003698726723317   0.0002296431418469   0.0000334697315856   -0.0001260749833443   0.0000000000000000   0.0000083950146132   
 0.0010000000000000   -3.1448661593750180   0.0017442598476691   -0.0004959455667726   0.0002296414948449   0.0000418645203253   0.0000536925465026   -0.0000422701219730   -0.0000058038178484   0.7162463909757264   -0.0003698706061164   0.0002296414948449   0.0000334694933828   -0.0001260749606561   0.0000000000000000   0.0000083950269424   
 0.0015000000000000   -3.1448578489657897   0.0464288100311529   -0.0004956933180415   0.0002294489913157   0.0000418374170376   0.0014003875419424   -0.0010533711320738   -0.0001501028021255   0.7161324127995107   -0.0003696267732830   0.0002294489913157   0.0000334414399487   -0.0001260665447585   0.0000000000000000   0.0000083959770889   
 0.0020000000000000   -3.1447986526232121   0.2135647316769962   -0.0004939341494680   0.0002281700242042   0.0000416497162895   0.0062870427527256   -0.0044723386593778   -0.0006691148356279   0.7153244832162983   -0.0003679822907892   0.0002281700242042   0.0000332528655342   -0.0001259518586788   0.0000000000000000   0.0000083968507553   
 0.0025000000000000   -3.1446242083414888   0.4991319283931261   -0.0004888722119805   0.0002246812502388   0.0000411125961360   0.0143226540109606   -0.0096370256003932   -0.0015166628639963   0.7129543755030517   -0.0003634179517160   0.0002246812502388   0.0000327315920940   -0.0001254542602646   0.0000000000000000   0.0000083810040421   
 0.0030000000000000   -3.1442907519323318   0.8375640708398653   -0.0004794417712789   0.0002185135613366   0.0000401161145298   0.0233906538557275   -0.0149394010144218   -0.0024673912802213   0.7084390663065926   -0.0003552026485023   0.0002185135613366   0.0000317976732053   -0.0001242391227766   0.0000000000000000   0.0000083184413245   
 0.0035000000000000   -3.1437886737389622   1.1646582037468187   -0.0004656296022083   0.0002099122360579   0.0000386617635842   0.0316002958394364   -0.0192435831121826   -0.0033219456967017   0.7016542029897692   -0.0003435395075521   0.0002099122360579   0.0000304784848381   -0.0001220900946562   0.0000000000000000   0.0000081832787461   
 0.0040000000000000   -3.1431349924043710   1.4391286097259481   -0.0004481661469466   0.0001995140179476   0.0000368292016722   0.0378869653103886   -0.0220991049011324   -0.0039689685957178   0.6928279080664104   -0.0003291912512730   0.0001995140179476   0.0000288642856498   -0.0001189748956736   0.0000000000000000   0.0000079649160224   
 0.0045000000000000   -3.1423615285416311   1.6422475058744215   -0.0004281203292465   0.0001880525940934   0.0000347331558037   0.0419233056850976   -0.0235252749883016   -0.0043755089953284   0.6823830511999107   -0.0003131051700022   0.0001880525940934   0.0000270645977079   -0.0001150151592443   0.0000000000000000   0.0000076685580958   
 0.0050000000000000   -3.1415050678673202   1.7717553954810228   -0.0004065939365535   0.0001761852842070   0.0000324909207727   0.0438606611041087   -0.0237742105208862   -0.0045594775485534   0.6708083198645183   -0.0002961745846515   0.0001761852842070   0.0000251810080497   -0.0001104193519019   0.0000000000000000   0.0000073099127230   
 0.0055000000000000   -3.1406007826592588   1.8353538400074176   -0.0003845451272166   0.0001644208574550   0.0000302036713693   0.0440871222880136   -0.0231674061629043   -0.0045636677043265   0.6585722432594435   -0.0002791255038001   0.0001644208574550   0.0000232947322549   -0.0001054196234165   0.0000000000000000   0.0000069089391144   
 0.0060000000000000   -3.1396786470331040   1.8453798999513220   -0.0003627162521902   0.0001531100247185   0.0000279489917176   0.0430555908685115   -0.0220056522925025   -0.0044372620254138   0.6460759397509326   -0.0002624869411107   0.0001531100247185   0.0000214638367931   -0.0001002293110794   0.0000000000000000   0.0000064851549245   
 0.0065000000000000   -3.1387621080513579   1.8151309919306631   -0.0003416289748421   0.0001424669463883   0.0000257806257613   0.0411847098757238   -0.0205312120248867   -0.0042252533648084   0.6336350921105558   -0.0002466069729878   0.0001424669463883   0.0000197255774068   -0.0000950220018543   0.0000000000000000   0.0000060550483545   
 0.0070000000000000   -3.1378681927149228   1.7567495430422957   -0.0003216140894059   0.0001326011472107   0.0000237319026323   0.0388156142742445   -0.0189208248755183   -0.0039639369712716   0.6214807417339138   -0.0002316877871010   0.0001326011472107   0.0000181007295988   -0.0000899263023049   0.0000000000000000   0.0000056311730335   
 0.0075000000000000   -3.1370083585879542   1.6802904263752481   -0.0003028534410172   0.0001235486890567   0.0000218203863343   0.0362034506613297   -0.0172935376869970   -0.0036801549107448   0.6097700276869115   -0.0002178238790295   0.0001235486890567   0.0000165981175035   -0.0000850295619877   0.0000000000000000   0.0000052222688309   
 0.0080000000000000   -3.1361896064001478   1.5935373764153216   -0.0002854211005813   0.0001152978930315   0.0000200523727160   0.0335264691372447   -0.0157234831982382   -0.0033924033152872   0.5986006026928405   -0.0002050357040479   0.0001152978930315   0.0000152185091396   -0.0000803853965334   0.0000000000000000   0.0000048338635764   
 0.0085000000000000   -3.1354155736950822   1.5022128610169863   -0.0002693180529406   0.0001078085714427   0.0000184266342260   0.0309014901946741   -0.0142525185251016   -0.0031125841750827   0.5880250032130638   -0.0001932961709952   0.0001078085714427   0.0000139576262839   -0.0000760218819454   0.0000000000000000   0.0000044690079421   
 0.0090000000000000   -3.1346874770818394   1.4103436411156058   -0.0002544989030705   0.0001010254443205   0.0000169372718697   0.0283996961270997   -0.0129006783916592   -0.0028477540759106   0.5780631705916389   -0.0001825500245807   0.0001010254443205   0.0000128083092670   -0.0000719488784898   0.0000000000000000   0.0000041289626027   
 0.0095000000000000   -3.1340048626057735   1.3206471856854132   -0.0002408912010436   0.0000948869834896   0.0000155757556015   0.0260601263763072   -0.0116740211942305   -0.0026015979015648   0.5687125306079943   -0.0001727272651904   0.0000948869834896   0.0000117619900784   -0.0000681639358532   0.0000000000000000   0.0000038137655231   
 0.0100000000000000   -3.1333661720484027   1.2348751800139723   -0.0002284087647113   0.0000893309321472   0.0000143323128913   0.0239001723066168   -0.0105701573246692   -0.0023755619438454   0.5599556874902771   -0.0001637520104206   0.0000893309321472   0.0000108096462975   -0.0000646567542907   0.0000000000000000   0.0000035226665938   
 0.0150000000000000   -3.1288043503314311   0.6839020048153721   -0.0001472992198318   0.0000549656731389   0.0000064208346667   0.0107022342308668   -0.0043272584846471   -0.0010165529145733   0.4981725847331770   -0.0001061078303398   0.0000549656731389   0.0000047970597585   -0.0000411913894920   0.0000000000000000   0.0000016237749081   
 0.0200000000000000   -3.1257014429183854   0.6285985744591827   -0.0001082662948049   0.0000396449856927   0.0000028214878417   0.0056492930289054   -0.0021363519674004   -0.0004970489882041   0.4645647537162640   -0.0000786883749219   0.0000396449856927   0.0000020577610948   -0.0000295779198830   0.0000000000000000   0.0000007637267469   
 0.0250000000000000   -3.1219072419909111   0.9386177978257138   -0.0000862390583012   0.0000315913810253   0.0000009963712060   0.0034412272772305   -0.0012057763480061   -0.0002609152291735   0.4438001850485650   -0.0000633069859945   0.0000315913810253   0.0000006459234919   -0.0000229320723067   0.0000000000000000   0.0000003504477142   
 0.0300000000000000   -3.1159623011887589   1.4593484242099291   -0.0000719881078870   0.0000267788451640   0.0000000222525810   0.0023817745104394   -0.0007732398575221   -0.0001416920742326   0.4288960749010366   -0.0000534148770838   0.0000267788451640   -0.0000001249973381   -0.0000185732308032   0.0000000000000000   0.0000001472499191   
 0.0350000000000000   -3.1072627883233985   2.0122346976534091   -0.0000615800371230   0.0000234799550991   -0.0000005138975228   0.0018372557998889   -0.0005721465652209   -0.0000794014863820   0.4163541640707225   -0.0000462172594901   0.0000234799550991   -0.0000005581250420   -0.0000153627776329   0.0000000000000000   0.0000000442275192   
 0.0400000000000000   -3.0960190013918742   2.4605112592512857   -0.0000532384292650   0.0000208802189606   -0.0000008200487784   0.0015237038981196   -0.0004791831518854   -0.0000464842803794   0.4044839516684164   -0.0000404363248604   0.0000208802189606   -0.0000008073745196   -0.0000128021044046   0.0000000000000000   -0.0000000126742588   
 0.0450000000000000   -3.0829339668819031   2.7452509300719665   -0.0000461829211589   0.0000186157168605   -0.0000010033602199   0.0013086087517436   -0.0004307280159569   -0.0000285564767144   0.3926614084821234   -0.0000355052972451   0.0000186157168605   -0.0000009545201355   -0.0000106776239137   0.0000000000000000   -0.0000000488400843   
 0.0500000000000000   -3.0688307612837757   2.8724509208423399   -0.0000400846649138   0.0000165509083436   -0.0000011177903290   0.0011352668666280   -0.0003960934279480   -0.0000180573576105   0.3808340769119031   -0.0000311894985199   0.0000165509083436   -0.0000010428267323   -0.0000088951663938   0.0000000000000000   -0.0000000749635967   
 0.0550000000000000   -3.0544091317627746   2.8799575241601665   -0.0000347951996248   0.0000146523899588   -0.0000011899492565   0.0009834107409949   -0.0003631838961495   -0.0000112318696252   0.3691797880890914   -0.0000273919966913   0.0000146523899588   -0.0000010949947759   -0.0000074032029335   0.0000000000000000   -0.0000000949544806   
 0.0600000000000000   -3.0401584885616031   2.8107852205878148   -0.0000302238521558   0.0000129212740221   -0.0000012332849600   0.0008477071935684   -0.0003290589528235   -0.0000063423774990   0.3579120360290197   -0.0000240615389871   0.0000129212740221   -0.0000011231919827   -0.0000061623131687   0.0000000000000000   -0.0000001100929773   
 0.0650000000000000   -3.0263696600136347   2.7002107745938364   -0.0000262924404324   0.0000113628225549   -0.0000012553014475   0.0007274243421158   -0.0002943417156540   -0.0000026228836516   0.3471967374998842   -0.0000211561944310   0.0000113628225549   -0.0000011343984000   -0.0000051362460014   0.0000000000000000   -0.0000001209030475   
 0.0700000000000000   -3.0131839542513448   2.5727814178966981   -0.0000229241422645   0.0000099764157960   -0.0000012608824970   0.0006224000342337   -0.0002604784153749   0.0000002703960301   0.3371330189930788   -0.0000186331494018   0.0000099764157960   -0.0000011330528850   -0.0000042909928627   0.0000000000000000   -0.0000001278296120   
 0.0750000000000000   -3.0006440435221706   2.4438148157969413   -0.0000200441309630   0.0000087545642056   -0.0000012536761260   0.0005319422059130   -0.0002286824529302   0.0000025146927976   0.3277618169104420   -0.0000164483785207   0.0000087545642056   -0.0000011222817996   -0.0000035957524422   0.0000000000000000   -0.0000001313943264   
 0.0800000000000000   -2.9887336250000907   2.3220167383983248   -0.0000175824919150   0.0000076849055511   -0.0000012366227864   0.0004548115958372   -0.0001996834042974   0.0000042259680919   0.3190821323424593   -0.0000145587909876   0.0000076849055511   -0.0000011044495813   -0.0000030237009274   0.0000000000000000   -0.0000001321732052   
 0.0850000000000000   -2.9774044226338465   2.2118063626449893   -0.0000154763625710   0.0000067525510723   -0.0000012121500747   0.0003894705331009   -0.0001737819459070   0.0000054966835011   0.3110662749548773   -0.0000129241794604   0.0000067525510723   -0.0000010814101128   -0.0000025521831106   0.0000000000000000   -0.0000001307399619   
 0.0900000000000000   -2.9665931398457945   2.1150006369944996   -0.0000136708187849   0.0000059419096516   -0.0000011822561291   0.0003343130992029   -0.0001509805658130   0.0000064069637647   0.3036715040415011   -0.0000115083518010   0.0000059419096516   -0.0000010546341404   -0.0000021624669839   0.0000000000000000   -0.0000001276219887   
 0.0950000000000000   -2.9562314994837680   2.0319189221042322   -0.0000121188115685   0.0000052378660251   -0.0000011485637953   0.0002878130150074   -0.0001311039495751   0.0000070269002560   0.2968480297774669   -0.0000102795366480   0.0000052378660251   -0.0000010252868951   -0.0000018392749205   0.0000000000000000   -0.0000001232769002   
 0.1000000000000000   -2.9462518798986062   1.9620667490821475   -0.0000107805560654   0.0000046264358251   -0.0000011123700682   0.0002485986077342   -0.0001138869279799   0.0000074167492626   0.2905441349578569   -0.0000092103090282   0.0000046264358251   -0.0000009942847438   -0.0000015702470372   0.0000000000000000   -0.0000001180853244   
 0.1500000000000000   -2.8559500129950113   1.7715077462044504   -0.0000039430571627   0.0000015054864753   -0.0000007517249263   0.0000694945077202   -0.0000307289214197   0.0000061977535952   0.2466880623973535   -0.0000035590237157   0.0000015054864752   -0.0000006900874882   -0.0000003840334471   0.0000000000000001   -0.0000000616374381   
 0.2000000000000000   -2.7626847904541347   1.9848778162445901   -0.0000017842220453   0.0000005889946188   -0.0000005022110982   0.0000256159707785   -0.0000101985785045   0.0000039197806579   0.2201133601514756   -0.0000016668596881   0.0000005889946178   -0.0000004732486824   -0.0000001173623571   0.0000000000000011   -0.0000000289624158   
 0.2500000000000000   -2.6569373103983911   2.2369680671968979   -0.0000009206365141   0.0000002625004709   -0.0000003452597428   0.0000112734446400   -0.0000039712009540   0.0000024812020507   0.2001152365182232   -0.0000008792944715   0.0000002625004656   -0.0000003314464725   -0.0000000413420426   0.0000000000000053   -0.0000000138132703   
 0.3000000000000000   -2.5404108901758544   2.4067525712201974   -0.0000005191014032   0.0000001285631336   -0.0000002445480289   0.0000055798811143   -0.0000017351324870   0.0000016191383465   0.1835364419385171   -0.0000005029751872   0.0000001285631193   -0.0000002377196511   -0.0000000161262160   0.0000000000000143   -0.0000000068283778   
 0.3500000000000000   -2.4180106398463077   2.4727790141730170   -0.0000003123826309   0.0000000676872409   -0.0000001778659527   0.0000030027290841   -0.0000008264978578   0.0000010894713133   0.1693892647409897   -0.0000003055686811   0.0000000676872133   -0.0000001743594226   -0.0000000068139497   0.0000000000000275   -0.0000000035065301   
 0.4000000000000000   -2.2945865695944767   2.4518383635566021   -0.0000001977616064   0.0000000377717481   -0.0000001324087872   0.0000017216207244   -0.0000004213279446   0.0000007533027337   0.1572795527279215   -0.0000001946843390   0.0000000377717046   -0.0000001305417435   -0.0000000030772674   0.0000000000000434   -0.0000000018670437   
 0.4500000000000000   -2.1738382089778248   2.3701021313963255   -0.0000001304568572   0.0000000221256672   -0.0000001006135311   0.0000010381221242   -0.0000002270432900   0.0000005335110398   0.1469520712403363   -0.0000001289846444   0.0000000221256071   -0.0000000995858789   -0.0000000014722128   0.0000000000000602   -0.0000000010276522   
 0.5000000000000000   -2.0581900917293736   2.2513371557420996   -0.0000000890653093   0.0000000135093127   -0.0000000778625213   0.0000006525041398   -0.0000001282123569   0.0000003860026606   0.1381771742740386   -0.0000000883237258   0.0000000135092362   -0.0000000772798342   -0.0000000007415835   0.0000000000000766   -0.0000000005826870   
 0.5500000000000000   -1.9490185052443654   2.1135393412904602   -0.0000000626112768   0.0000000085512907   -0.0000000612488185   0.0000004247544119   -0.0000000753833206   0.0000002846866338   0.1307353575906899   -0.0000000622195504   0.0000000085511988   -0.0000000609098093   -0.0000000003917263   0.0000000000000919   -0.0000000003390092   
 0.6000000000000001   -1.8469452898434522   1.9690444987038531   -0.0000000451411339   0.0000000055876170   -0.0000000488925963   0.0000002849592742   -0.0000000459153801   0.0000002136373057   0.1244232948081401   -0.0000000449246100   0.0000000055875111   -0.0000000486911240   -0.0000000002165239   0.0000000000001059   -0.0000000002014724   
 0.6500000000000000   -1.7520928701995593   1.8257152658464613   -0.0000000332723456   0.0000000037557624   -0.0000000395490367   0.0000001962644441   -0.0000000288545534   0.0000001628663945   0.1190600545539410   -0.0000000331471419   0.0000000037556438   -0.0000000394273845   -0.0000000001252037   0.0000000000001186   -0.0000000001216522   
 0.7000000000000001   -1.6642753969440920   1.6882174525543869   -0.0000000250063782   0.0000000025893273   -0.0000000323761084   0.0000001383432702   -0.0000000186458577   0.0000001259578270   0.1144895674444257   -0.0000000249305176   0.0000000025891973   -0.0000000323019769   -0.0000000000758605   0.0000000000001300   -0.0000000000741314   
 0.7500000000000000   -1.5831312743951591   1.5590654258866474   -0.0000000191218563   0.0000000018265835   -0.0000000267931458   0.0000000995431327   -0.0000000123545983   0.0000000987009910   0.1105800374598416   -0.0000000190735412   0.0000000018264433   -0.0000000267479701   -0.0000000000483152   0.0000000000001402   -0.0000000000451757   
 0.8000000000000000   -1.5082104846769813   1.4393876804891272   -0.0000000148499533   0.0000000013157368   -0.0000000223925923   0.0000000729558886   -0.0000000083733200   0.0000000782784037   0.1072216571584874   -0.0000000148174799   0.0000000013155872   -0.0000000223654341   -0.0000000000324734   0.0000000000001495   -0.0000000000271583   
 0.8500000000000001   -1.4390298182636239   1.3294547933563694   -0.0000000116938691   0.0000000009661097   -0.0000000188837085   0.0000000543631869   -0.0000000057926524   0.0000000627708779   0.1043236581728243   -0.0000000116707605   0.0000000009659517   -0.0000000188679736   -0.0000000000231086   0.0000000000001580   -0.0000000000157348   
 0.8999999999999999   -1.3751063862406934   1.2290300150519597   -0.0000000093249787   0.0000000007220690   -0.0000000160559514   0.0000000411204184   -0.0000000040829478   0.0000000508494265   0.1018113064369881   -0.0000000093075503   0.0000000007219032   -0.0000000160475805   -0.0000000000174284   0.0000000000001658   -0.0000000000083709   
 0.9500000000000001   -1.3159769019102776   1.1375957384767821   -0.0000000075212716   0.0000000005486437   -0.0000000137547182   0.0000000315299110   -0.0000000029274615   0.0000000415796006   0.0996231446310542   -0.0000000075073741   0.0000000005484707   -0.0000000137511632   -0.0000000000138975   0.0000000000001730   -0.0000000000035549   
 1.0000000000000000   -1.2612078728619487   1.0544962935815656   -0.0000000061298723   0.0000000004233589   -0.0000000118650059   0.0000000244782955   -0.0000000021321479   0.0000000342949575   0.0977085992678370   -0.0000000061182227   0.0000000004231793   -0.0000000118646393   -0.0000000000116496   0.0000000000001797   -0.0000000000003666   
 1.5000000000000000   -0.8816862937519248   0.5412197852912008   -0.0000000012074818   0.0000000000641300   -0.0000000035926648   0.0000000032142591   -0.0000000001706841   0.0000000071622034   0.0871480465509799   -0.0000000012006231   0.0000000000639009   -0.0000000035986751   -0.0000000000068587   0.0000000000002291   0.0000000000060103   
 2.0000000000000000   -0.6730025765017420   0.3210481593676581   -0.0000000003890431   0.0000000000257577   -0.0000000015107196   0.0000000007494346   -0.0000000000294274   0.0000000022888251   0.0831457758117723   -0.0000000003828641   0.0000000000254962   -0.0000000015165420   -0.0000000000061789   0.0000000000002615   0.0000000000058224   
 2.5000000000000000   -0.5429011515804536   0.2106931350390474   -0.0000000001691686   0.0000000000177358   -0.0000000007659682   0.0000000002421638   -0.0000000000081291   0.0000000009369666   0.0812274862808008   -0.0000000001634163   0.0000000000174511   -0.0000000007715346   -0.0000000000057523   0.0000000000002847   0.0000000000055664   
 3.0000000000000000   -0.4544875887480000   0.1483425593494694   -0.0000000000911105   0.0000000000151794   -0.0000000004374622   0.0000000000965477   -0.0000000000031208   0.0000000004503631   0.0801609407159646   -0.0000000000856744   0.0000000000148773   -0.0000000004428650   -0.0000000000054361   0.0000000000003022   0.0000000000054028   
 3.5000000000000000   -0.3906396703488478   0.1098991594237051   -0.0000000000578289   0.0000000000140848   -0.0000000002709982   0.0000000000445859   -0.0000000000015213   0.0000000002421530   0.0795051976821164   -0.0000000000526359   0.0000000000137691   -0.0000000002762954   -0.0000000000051930   0.0000000000003157   0.0000000000052972   
 4.0000000000000000   -0.3424252094809149   0.0845994438563421   -0.0000000000416634   0.0000000000135060   -0.0000000001779102   0.0000000000229613   -0.0000000000008800   0.0000000001414075   0.0790718204372449   -0.0000000000366622   0.0000000000131795   -0.0000000001831354   -0.0000000000050012   0.0000000000003265   0.0000000000052252   
 4.5000000000000000   -0.3047539591713144   0.0670935157152063   -0.0000000000330025   0.0000000000131509   -0.0000000001218793   0.0000000000128677   -0.0000000000005738   0.0000000000879695   0.0787694371403943   -0.0000000000281561   0.0000000000128156   -0.0000000001270529   -0.0000000000048464   0.0000000000003353   0.0000000000051736   
 5.0000000000000000   -0.2745208827676574   0.0544908520966899   -0.0000000000279911   0.0000000000129096   -0.0000000000861740   0.0000000000077170   -0.0000000000004066   0.0000000000575315   0.0785493694155917   -0.0000000000232720   0.0000000000125671   -0.0000000000913090   -0.0000000000047191   0.0000000000003426   0.0000000000051351   
 5.5000000000000000   -0.2497274748327460   0.0451227004102592   -0.0000000000249049   0.0000000000127336   -0.0000000000623618   0.0000000000048939   -0.0000000000003054   0.0000000000391799   0.0783837268684422   -0.0000000000202923   0.0000000000123848   -0.0000000000674671   -0.0000000000046126   0.0000000000003487   0.0000000000051053   
 6.0000000000000000   -0.2290304903904741   0.0379725259257600   -0.0000000000229032   0.0000000000125985   -0.0000000000458804   0.0000000000032530   -0.0000000000002393   0.0000000000275896   0.0782555773428978   -0.0000000000183809   0.0000000000122445   -0.0000000000509620   -0.0000000000045223   0.0000000000003540   0.0000000000050817   
 6.5000000000000000   -0.2114943422196432   0.0323930663207210   -0.0000000000215468   0.0000000000124910   -0.0000000000341150   0.0000000000022510   -0.0000000000001933   0.0000000000199815   0.0781541452006273   -0.0000000000171020   0.0000000000121325   -0.0000000000391775   -0.0000000000044448   0.0000000000003585   0.0000000000050625   
 7.0000000000000000   -0.1964476572893140   0.0279566123438042   -0.0000000000205923   0.0000000000124031   -0.0000000000254942   0.0000000000016129   -0.0000000000001599   0.0000000000148217   0.0780722991707618   -0.0000000000162147   0.0000000000120406   -0.0000000000305408   -0.0000000000043775   0.0000000000003624   0.0000000000050466   
 7.5000000000000000   -0.1833963147275670   0.0243714874521627   -0.0000000000198981   0.0000000000123297   -0.0000000000190350   0.0000000000011915   -0.0000000000001348   0.0000000000112232   0.0780051614967357   -0.0000000000155795   0.0000000000119638   -0.0000000000240682   -0.0000000000043186   0.0000000000003659   0.0000000000050333   
 8.0000000000000000   -0.1719686573288132   0.0214333214205758   -0.0000000000193786   0.0000000000122674   -0.0000000000141008   0.0000000000009042   -0.0000000000001153   0.0000000000086523   0.0779493004076466   -0.0000000000151120   0.0000000000118984   -0.0000000000191227   -0.0000000000042666   0.0000000000003690   0.0000000000050219   
 8.5000000000000000   -0.1618798149892604   0.0189955085439013   -0.0000000000189797   0.0000000000122137   -0.0000000000102675   0.0000000000007027   -0.0000000000000999   0.0000000000067762   0.0779022419012069   -0.0000000000147594   0.0000000000118420   -0.0000000000152797   -0.0000000000042203   0.0000000000003717   0.0000000000050122   
 9.0000000000000000   -0.1529077988637570   0.0169506895933318   -0.0000000000186665   0.0000000000121670   -0.0000000000072448   0.0000000000005578   -0.0000000000000874   0.0000000000053815   0.0778621640962883   -0.0000000000144876   0.0000000000117928   -0.0000000000122484   -0.0000000000041789   0.0000000000003742   0.0000000000050037   
 9.5000000000000000   -0.1448770765346966   0.0152188000013367   -0.0000000000184155   0.0000000000121260   -0.0000000000048295   0.0000000000004513   -0.0000000000000771   0.0000000000043273   0.0778276999782254   -0.0000000000142739   0.0000000000117496   -0.0000000000098257   -0.0000000000041416   0.0000000000003764   0.0000000000049962   
 10.0000000000000000   -0.1376470349660353   0.0137391546202974   -0.0000000000182108   0.0000000000120896   -0.0000000000028767   0.0000000000003713   -0.0000000000000686   0.0000000000035186   0.0777978066509123   -0.0000000000141029   0.0000000000117112   -0.0000000000078664   -0.0000000000041079   0.0000000000003784   0.0000000000049896   
 15.0000000000000000   -0.0918116735039493   0.0061158212389268   -0.0000000000172583   0.0000000000118704   0.0000000000053281   0.0000000000000980   -0.0000000000000280   0.0000000000006841   0.0776330944896744   -0.0000000000133681   0.0000000000114788   0.0000000000003779   -0.0000000000038902   0.0000000000003915   0.0000000000049503   
 20.0000000000000000   -0.0688708546277390   0.0034420042532414   -0.0000000000169237   0.0000000000117673   0.0000000000072927   0.0000000000000461   -0.0000000000000151   0.0000000000002129   0.0775665709574143   -0.0000000000131451   0.0000000000113690   0.0000000000023606   -0.0000000000037786   0.0000000000003983   0.0000000000049321   
 25.0000000000000000   -0.0551010756760307   0.0022034253158744   -0.0000000000167461   0.0000000000117074   0.0000000000079797   0.0000000000000275   -0.0000000000000095   0.0000000000000855   0.0775316817213015   -0.0000000000130352   0.0000000000113050   0.0000000000030581   -0.0000000000037109   0.0000000000004025   0.0000000000049216   
 30.0000000000000000   -0.0459195110553098   0.0015303585136730   -0.0000000000166335   0.0000000000116683   0.0000000000082770   0.0000000000000185   -0.0000000000000065   0.0000000000000403   0.0775105055008610   -0.0000000000129682   0.0000000000112631   0.0000000000033622   -0.0000000000036653   0.0000000000004053   0.0000000000049148   
 35.0000000000000000   -0.0393605669158899   0.0011244333581974   -0.0000000000165551   0.0000000000116408   0.0000000000084244   0.0000000000000133   -0.0000000000000047   0.0000000000000212   0.0774963965769030   -0.0000000000129225   0.0000000000112335   0.0000000000035144   -0.0000000000036326   0.0000000000004073   0.0000000000049100   
 40.0000000000000000   -0.0344410442187448   0.0008609375947420   -0.0000000000164970   0.0000000000116203   0.0000000000085048   0.0000000000000101   -0.0000000000000036   0.0000000000000120   0.0774863696782434   -0.0000000000128890   0.0000000000112115   0.0000000000035983   -0.0000000000036080   0.0000000000004088   0.0000000000049065   
 45.0000000000000000   -0.0306145884029535   0.0006802701284857   -0.0000000000164522   0.0000000000116045   0.0000000000085517   0.0000000000000079   -0.0000000000000028   0.0000000000000072   0.0774788991429090   -0.0000000000128634   0.0000000000111946   0.0000000000036479   -0.0000000000035888   0.0000000000004100   0.0000000000049038   
 50.0000000000000000   -0.0275533353664664   0.0005510320264788   -0.0000000000164165   0.0000000000115920   0.0000000000085805   0.0000000000000064   -0.0000000000000023   0.0000000000000045   0.0774731291604088   -0.0000000000128431   0.0000000000111811   0.0000000000036789   -0.0000000000035734   0.0000000000004109   0.0000000000049016   
 55.0000000000000000   -0.0250486220138464   0.0004554063412156   -0.0000000000163874   0.0000000000115818   0.0000000000085989   0.0000000000000053   -0.0000000000000019   0.0000000000000030   0.0774685446006796   -0.0000000000128266   0.0000000000111701   0.0000000000036990   -0.0000000000035607   0.0000000000004117   0.0000000000048999   
 60.0000000000000000   -0.0229613290200730   0.0003826728512165   -0.0000000000163631   0.0000000000115733   0.0000000000086110   0.0000000000000044   -0.0000000000000016   0.0000000000000020   0.0774648177753143   -0.0000000000128130   0.0000000000111610   0.0000000000037126   -0.0000000000035502   0.0000000000004124   0.0000000000048984   
 65.0000000000000000   -0.0211951375988142   0.0003260677240788   -0.0000000000163427   0.0000000000115662   0.0000000000086192   0.0000000000000038   -0.0000000000000013   0.0000000000000013   0.0774617307453815   -0.0000000000128014   0.0000000000111533   0.0000000000037220   -0.0000000000035413   0.0000000000004129   0.0000000000048972   
 70.0000000000000000   -0.0196812456901429   0.0002811524446870   -0.0000000000163252   0.0000000000115601   0.0000000000086247   0.0000000000000033   -0.0000000000000011   0.0000000000000009   0.0774591331592770   -0.0000000000127916   0.0000000000111467   0.0000000000037286   -0.0000000000035336   0.0000000000004134   0.0000000000048961   
 75.0000000000000000   -0.0183691967863466   0.0002449165508264   -0.0000000000163100   0.0000000000115548   0.0000000000086286   0.0000000000000028   -0.0000000000000010   0.0000000000000006   0.0774569180651089   -0.0000000000127830   0.0000000000111410   0.0000000000037334   -0.0000000000035269   0.0000000000004138   0.0000000000048952   
 80.0000000000000000   -0.0172211475207175   0.0002152597729293   -0.0000000000162967   0.0000000000115502   0.0000000000086312   0.0000000000000025   -0.0000000000000009   0.0000000000000004   0.0774550073777002   -0.0000000000127756   0.0000000000111360   0.0000000000037368   -0.0000000000035211   0.0000000000004142   0.0000000000048944   
 85.0000000000000000   -0.0162081582427267   0.0001906807221452   -0.0000000000162850   0.0000000000115461   0.0000000000086331   0.0000000000000022   -0.0000000000000008   0.0000000000000003   0.0774533427979329   -0.0000000000127690   0.0000000000111316   0.0000000000037394   -0.0000000000035160   0.0000000000004145   0.0000000000048937   
 90.0000000000000000   -0.0153077199517749   0.0001700830735813   -0.0000000000162746   0.0000000000115425   0.0000000000086344   0.0000000000000020   -0.0000000000000007   0.0000000000000002   0.0774518799452041   -0.0000000000127632   0.0000000000111278   0.0000000000037413   -0.0000000000035114   0.0000000000004148   0.0000000000048931   
 95.0000000000000000   -0.0145020621346418   0.0001526511682121   -0.0000000000162653   0.0000000000115393   0.0000000000086352   0.0000000000000018   -0.0000000000000006   0.0000000000000001   0.0774505844540970   -0.0000000000127580   0.0000000000111243   0.0000000000037427   -0.0000000000035073   0.0000000000004150   0.0000000000048926   
 100.0000000000000000   -0.0137769682143321   0.0001377680067195   -0.0000000000162569   0.0000000000115364   0.0000000000086358   0.0000000000000016   -0.0000000000000005   0.0000000000000001   0.0774494293107334   -0.0000000000127533   0.0000000000111212   0.0000000000037437   -0.0000000000035036   0.0000000000004152   0.0000000000048921   
