 0.0001000000000000   -3.2902875448000000   0.0000000000000000   -0.0002698050000000   0.0000721950000000   -0.0000025650000000   0.0000000000000000   0.0000000000000000   0.0000000000001694   1.2129831600000001   -0.0002213400000000   0.0000721950000000   0.0000070600000000   -0.0000484650000000   0.0000000000000000   -0.0000096250000000   
 0.0001500000000000   -3.2902875448000000   0.0000000000000000   -0.0002698050000000   0.0000721950000000   -0.0000025650000000   0.0000000000000000   0.0000000000000000   0.0000000000000753   1.2129831600000001   -0.0002213400000000   0.0000721950000000   0.0000070600000000   -0.0000484650000000   0.0000000000000000   -0.0000096250000000   
 0.0002000000000000   -3.2902875448000000   0.0000000000000000   -0.0002698050000000   0.0000721950000000   -0.0000025650000000   0.0000000000000000   0.0000000000000000   0.0000000000000424   1.2129831600000001   -0.0002213400000000   0.0000721950000000   0.0000070600000000   -0.0000484650000000   0.0000000000000000   -0.0000096250000000   
 0.0002500000000000   -3.2902875448000000   0.0000000000000000   -0.0002698050000000   0.0000721950000000   -0.0000025650000000   0.0000000000000000   0.0000000000000000   0.0000000000000271   1.2129831600000001   -0.0002213400000000   0.0000721950000000   0.0000070600000000   -0.0000484650000000   0.0000000000000000   -0.0000096250000000   
 0.0003000000000000   -3.2902875448000000   0.0000000000000000   -0.0002698050000000   0.0000721950000000   -0.0000025650000000   0.0000000000000000   0.0000000000000000   0.0000000000000188   1.2129831600000001   -0.0002213400000000   0.0000721950000000   0.0000070600000000   -0.0000484650000000   0.0000000000000000   -0.0000096250000000   
 0.0003500000000000   -3.2902875448000000   0.0000000000000000   -0.0002698050000000   0.0000721950000000   -0.0000025650000000   0.0000000000000000   0.0000000000000000   0.0000000000000138   1.2129831600000001   -0.0002213400000000   0.0000721950000000   0.0000070600000000   -0.0000484650000000   0.0000000000000000   -0.0000096250000000   
 0.0004000000000000   -3.2902875448000000   0.0000000000000000   -0.0002698050000000   0.0000721950000000   -0.0000025650000000   0.0000000000000000   0.0000000000000000   0.0000000000000106   1.2129831600000001   -0.0002213400000000   0.0000721950000000   0.0000070600000000   -0.0000484650000000   0.0000000000000000   -0.0000096250000000   
 0.0004500000000000   -3.2902875448000000   0.0000000000000000   -0.0002698050000000   0.0000721950000000   -0.0000025650000000   0.0000000000000000   0.0000000000000000   0.0000000000000084   1.2129831600000001   -0.0002213400000000   0.0000721950000000   0.0000070600000000   -0.0000484650000000   0.0000000000000000   -0.0000096250000000   
 0.0005000000000000   -3.2902875448000000   0.0000000000000000   -0.0002698050000000   0.0000721950000000   -0.0000025650000000   0.0000000000000000   0.0000000000000000   0.0000000000000068   1.2129831600000001   -0.0002213400000000   0.0000721950000000   0.0000070600000000   -0.0000484650000000   0.0000000000000000   -0.0000096250000000   
 0.0005500000000000   -3.2902875448000004   -0.0000000058722540   -0.0002698050000000   0.0000721950000000   -0.0000025650000000   -0.0000000000003584   0.0000000000000896   0.0000000000000056   1.2129831600000001   -0.0002213400000000   0.0000721950000000   0.0000070600000000   -0.0000484650000000   0.0000000000000000   -0.0000096250000000   
 0.0006000000000000   -3.2902875447999995   0.0000000098686491   -0.0002698050000000   0.0000721950000000   -0.0000025650000000   0.0000000000006023   0.0000000000000000   -0.0000000000000047   1.2129831600000001   -0.0002213400000000   0.0000721950000000   0.0000070600000000   -0.0000484650000000   0.0000000000000000   -0.0000096250000000   
 0.0006500000000000   -3.2902875447999991   0.0000000084087898   -0.0002698050000000   0.0000721950000000   -0.0000025650000000   -0.0000000000007698   0.0000000000005132   -0.0000000000002245   1.2129831599999978   -0.0002213400000000   0.0000721950000000   0.0000070600000000   -0.0000484650000000   0.0000000000000000   -0.0000096250000000   
 0.0007000000000000   -3.2902875447999964   -0.0000000036252180   -0.0002698050000002   0.0000721950000001   -0.0000025650000000   -0.0000000000075230   0.0000000000048125   -0.0000000000019050   1.2129831599999796   -0.0002213400000001   0.0000721950000001   0.0000070600000000   -0.0000484650000001   0.0000000000000000   -0.0000096250000000   
 0.0007500000000000   -3.2902875447999702   0.0000000031579677   -0.0002698050000012   0.0000721950000008   -0.0000025650000003   -0.0000000000452956   0.0000000000292012   -0.0000000000117515   1.2129831599998555   -0.0002213400000004   0.0000721950000008   0.0000070599999998   -0.0000484650000008   0.0000000000000000   -0.0000096250000001   
 0.0008000000000000   -3.2902875447998374   0.0000000027755576   -0.0002698050000068   0.0000721950000044   -0.0000025650000018   -0.0000000002176875   0.0000000001419627   -0.0000000000573309   1.2129831599991983   -0.0002213400000024   0.0000721950000044   0.0000070599999990   -0.0000484650000044   0.0000000000000000   -0.0000096250000008   
 0.0008500000000000   -3.2902875447992606   0.0000000196690031   -0.0002698050000306   0.0000721950000200   -0.0000025650000081   -0.0000000008681121   0.0000000005696001   -0.0000000002307540   1.2129831599963570   -0.0002213400000108   0.0000721950000200   0.0000070599999956   -0.0000484650000199   0.0000000000000000   -0.0000096250000037   
 0.0009000000000000   -3.2902875447971649   0.0000000701770603   -0.0002698050001168   0.0000721950000767   -0.0000025650000311   -0.0000000029530455   0.0000000019478495   -0.0000000007917269   1.2129831599859906   -0.0002213400000414   0.0000721950000767   0.0000070599999831   -0.0000484650000754   0.0000000000000000   -0.0000096250000142   
 0.0009500000000000   -3.2902875447905484   0.0000002165088669   -0.0002698050003868   0.0000721950002555   -0.0000025650001039   -0.0000000087793346   0.0000000058254693   -0.0000000023758387   1.2129831599531633   -0.0002213400001383   0.0000721950002555   0.0000070599999439   -0.0000484650002486   0.0000000000000000   -0.0000096250000479   
 0.0010000000000000   -3.2902875447720397   0.0000005755396160   -0.0002698050011370   0.0000721950007550   -0.0000025650003081   -0.0000000232916984   0.0000000155496276   -0.0000000063640973   1.2129831598609977   -0.0002213400004102   0.0000721950007550   0.0000070599998347   -0.0000484650007268   0.0000000000000000   -0.0000096250001428   
 0.0015000000000000   -3.2902875167464192   0.0002605339154292   -0.0002698060563922   0.0000721957451784   -0.0000025653141802   -0.0000096381628084   0.0000068888243995   -0.0000029236227712   1.2129830155444425   -0.0002213404223112   0.0000721957451784   0.0000070598410068   -0.0000484656340810   0.0000000000000000   -0.0000096251551870   
 0.0020000000000000   -3.2902866087978841   0.0049696646797770   -0.0002698374739148   0.0000722192004784   -0.0000025754629800   -0.0001671425889404   0.0001269059798179   -0.0000552708613698   1.2129781755768461   -0.0002213542853543   0.0000722192004784   0.0000070549370820   -0.0000484831885606   -0.0000000000000000   -0.0000096304000620   
 0.0025000000000000   -3.2902795737837907   0.0275978086961004   -0.0002700604495478   0.0000723935154872   -0.0000026519882042   -0.0008450765479062   0.0006709130797753   -0.0002953495183418   1.2129394431332672   -0.0002214616332595   0.0000723935154872   0.0000070188841412   -0.0000485988162883   -0.0000000000000000   -0.0000096708723454   
 0.0030000000000000   -3.2902533552229656   0.0838509650849220   -0.0002708225575688   0.0000730103289826   -0.0000029232881519   -0.0023518668916784   0.0019268241144904   -0.0008454602057257   1.2127908334643633   -0.0002218572569210   0.0000730103289826   0.0000068915238508   -0.0000489653006478   -0.0000000000000000   -0.0000098148120027   
 0.0035000000000000   -3.2901887746765981   0.1814359385272318   -0.0002725544097230   0.0000744477029028   -0.0000035494151731   -0.0047036957504985   0.0039397234901733   -0.0017038976353931   1.2124154286051190   -0.0002228167115099   0.0000744477029028   0.0000065932282376   -0.0000497376982131   -0.0000000000000000   -0.0000101426434107   
 0.0040000000000000   -3.2900653932085806   0.3179426369959160   -0.0002756331595733   0.0000770493084348   -0.0000046617306828   -0.0076943744932087   0.0065451904693550   -0.0027687204086070   1.2116826610773410   -0.0002246209446361   0.0000770493084348   0.0000060482323750   -0.0000510122149371   -0.0000000000000000   -0.0000107099630578   
 0.0045000000000000   -3.2898658965687071   0.4839666253267885   -0.0002803066053123   0.0000810485167688   -0.0000063303616803   -0.0110322435281792   0.0094842109590045   -0.0039075978613914   1.2104761429336961   -0.0002274951884479   0.0000810485167688   0.0000052001385659   -0.0000528114168645   -0.0000000000000000   -0.0000115305002462   
 0.0050000000000000   -3.2895785764286747   0.6670975945155533   -0.0002866747884084   0.0000865440046146   -0.0000085622725609   -0.0144279726384255   0.0124874084432157   -0.0050053766846083   1.2087114494577409   -0.0002315759695918   0.0000865440046146   0.0000040176997233   -0.0000550988188166   -0.0000000000000000   -0.0000125799722842   
 0.0055000000000000   -3.2891980228460671   0.8549493463596460   -0.0002947029395280   0.0000935072700429   -0.0000113153440505   -0.0176359143162133   0.0153206074144122   -0.0059819916914131   1.2063428708541186   -0.0002369017066350   0.0000935072700429   0.0000024942281087   -0.0000578012328930   -0.0000000000000000   -0.0000138095721592   
 0.0060000000000000   -3.2887246194608513   1.0369349217300949   -0.0003042480872222   0.0001018062747107   -0.0000145164507814   -0.0204702967824403   0.0178058990606287   -0.0067926715300904   1.2033620733220070   -0.0002434199960204   0.0001018062747107   0.0000006436917507   -0.0000608280912018   -0.0000000000000000   -0.0000151601425321   
 0.0065000000000000   -3.2881634176888483   1.2050321531048140   -0.0003150902091754   0.0001112355962353   -0.0000180774972159   -0.0228084966337256   0.0198277347275052   -0.0074208927331614   1.1997921450726723   -0.0002510052348182   0.0001112355962353   -0.0000015045189991   -0.0000640849743572   -0.0000000000000000   -0.0000165729782168   
 0.0070000000000000   -3.2875228084036339   1.3538830244119500   -0.0003269629803037   0.0001215470238329   -0.0000219073956583   -0.0245867478793187   0.0213293075323173   -0.0078698229707180   1.1956797643302388   -0.0002594809971307   0.0001215470238329   -0.0000039109503337   -0.0000674819831730   -0.0000000000000000   -0.0000179964453246   
 0.0075000000000000   -3.2868132482658501   1.4805171069396139   -0.0003395811072847   0.0001324767222919   -0.0000259199503113   -0.0257911874821520   0.0223030243490366   -0.0081547357899922   1.1910872724075183   -0.0002686427087632   0.0001324767222919   -0.0000065308744262   -0.0000709383985215   -0.0000000000000000   -0.0000193890758851   
 0.0080000000000000   -3.2860461737270890   1.5839049464505539   -0.0003526625015165   0.0001437668343498   -0.0000300383743510   -0.0264465178211166   0.0227782697656168   -0.0082971729451165   1.1860856443010299   -0.0002782775995983   0.0001437668343498   -0.0000093181681035   -0.0000743849019182   -0.0000000000000000   -0.0000207202062475   
 0.0085000000000000   -3.2852331522834128   1.6644721817554700   -0.0003659445997402   0.0001551808263094   -0.0000341973345478   -0.0266042212008180   0.0228089620980525   -0.0083208588203662   1.1807487949059587   -0.0002881803448769   0.0001551808263094   -0.0000122281849457   -0.0000777642548634   -0.0000000000000000   -0.0000219691496021   
 0.0090000000000000   -3.2843852700750840   1.7236487088213415   -0.0003791949921341   0.0001665129194835   -0.0000383433334118   -0.0263317669703346   0.0224625414227687   -0.0082490778686429   1.1751493092412630   -0.0002981639691856   0.0001665129194835   -0.0000152196817661   -0.0000810310229484   -0.0000000000000000   -0.0000231236516457   
 0.0095000000000000   -3.2835127281262064   1.7634884577552774   -0.0003922170923362   0.0001775925592031   -0.0000424340711969   -0.0257036670366340   0.0218112085409185   -0.0081031577240690   1.1693554867214708   -0.0003080663683546   0.0001775925592031   -0.0000182559449011   -0.0000841507239816   -0.0000000000000000   -0.0000241781262958   
 0.0100000000000000   -3.2826246084082413   1.7863706842824456   -0.0004048518743966   0.0001882851149909   -0.0000464372562142   -0.0247947048815180   0.0209256015119104   -0.0079017293280514   1.1634294943870713   -0.0003177532218169   0.0001882851149909   -0.0000213052928078   -0.0000870986525797   -0.0000000000000000   -0.0000251319634064   
 0.0150000000000000   -3.2740679459328299   1.5575121787571160   -0.0004961899498494   0.0002635858005970   -0.0000790384777470   -0.0117673908915129   0.0094386116619364   -0.0051206382721631   1.1056318630423718   -0.0003900420294973   0.0002635858005970   -0.0000486791390846   -0.0001061479203521   -0.0000000000000000   -0.0000303593386624   
 0.0200000000000000   -3.2670193796616798   1.3018751874538381   -0.0005332032730990   0.0002929986550291   -0.0000990877247990   -0.0041630972676213   0.0033208469136722   -0.0030576278083112   1.0600650881903415   -0.0004214107819396   0.0002929986550291   -0.0000674403709258   -0.0001117924911594   -0.0000000000000000   -0.0000316473538732   
 0.0250000000000000   -3.2606083630729072   1.3023667364109315   -0.0005456042516977   0.0003034197548640   -0.0001108450348547   -0.0012543440404311   0.0012222210787973   -0.0017366987354471   1.0254455861842386   -0.0004335383314600   0.0003034197548640   -0.0000792154232641   -0.0001120659202377   -0.0000000000000000   -0.0000316296115906   
 0.0300000000000000   -3.2536855226555543   1.4885014791587994   -0.0005482134536837   0.0003071790243865   -0.0001171610232684   0.0001050035606895   0.0003602393335912   -0.0008452392824530   0.9970889977904278   -0.0004379207674859   0.0003071790243865   -0.0000861894280640   -0.0001102926861978   -0.0000000000000000   -0.0000309715952044   
 0.0350000000000000   -3.2455911484434101   1.7549680624067232   -0.0005449423002961   0.0003072710315280   -0.0001197557588338   0.0011999640596531   -0.0003265261185977   -0.0002308641673974   0.9716504729671354   -0.0004376809325415   0.0003072710315280   -0.0000898702080335   -0.0001072613677546   -0.0000000000000000   -0.0000298855508004   
 0.0400000000000000   -3.2361360606329983   2.0224955576475523   -0.0005361787932143   0.0003038298196232   -0.0001197945600377   0.0023061169145002   -0.0010559879238152   0.0001877884516794   0.9472538411547291   -0.0004331084229487   0.0003038298196232   -0.0000912898348123   -0.0001030703702657   -0.0000000000000000   -0.0000285047252254   
 0.0450000000000000   -3.2254409880893422   2.2460918443547691   -0.0005219682307777   0.0002967249900930   -0.0001181124648844   0.0033591595608909   -0.0017765071590189   0.0004652540276501   0.9230439348160039   -0.0004241576730731   0.0002967249900930   -0.0000911711030136   -0.0000978105577046   -0.0000000000000000   -0.0000269413618709   
 0.0500000000000000   -3.2137776808691498   2.4087505168878920   -0.0005028653081873   0.0002862292494893   -0.0001153089448082   0.0042471612917812   -0.0023996936588127   0.0006422293402938   0.8987747675848392   -0.0004111651786764   0.0002862292494893   -0.0000900213002058   -0.0000917001295108   -0.0000000000000000   -0.0000252876446024   
 0.0550000000000000   -3.2014542376005135   2.5112338996776522   -0.0004798852507754   0.0002729828770679   -0.0001118063363090   0.0049038828217459   -0.0028714056774993   0.0007492273370377   0.8745118718958026   -0.0003948479816688   0.0002729828770679   -0.0000881931289999   -0.0000850372691066   -0.0000000000000000   -0.0000236132073091   
 0.0600000000000000   -3.1887499630331515   2.5630214003857792   -0.0004542337042921   0.0002577915662900   -0.0001078959804915   0.0053174827939404   -0.0031782106835402   0.0008084203954281   0.8504439308888457   -0.0003761068069649   0.0002577915662900   -0.0000859294271863   -0.0000781268973272   -0.0000000000000000   -0.0000219665533052   
 0.0650000000000000   -3.1758882550458161   2.5762422296326681   -0.0004270754492370   0.0002414527366796   -0.0001037755667856   0.0055126005394381   -0.0033342557779007   0.0008353908110354   0.8267786316050042   -0.0003558439364325   0.0002414527366796   -0.0000833966051535   -0.0000712315128045   -0.0000000000000000   -0.0000203789616321   
 0.0700000000000000   -3.1630325008875313   2.5624182040279728   -0.0003994028413422   0.0002246548476910   -0.0000995777714343   0.0055307117906273   -0.0033668817141481   0.0008408282686659   0.8036942957639681   -0.0003348519835286   0.0002246548476910   -0.0000807088443470   -0.0000645508578136   -0.0000000000000000   -0.0000188689270874   
 0.0750000000000000   -3.1502930548525079   2.5311297473589578   -0.0003719887032137   0.0002079387367520   -0.0000953909758281   0.0054164407830354   -0.0033065224085106   0.0008319737296744   0.7813237810246759   -0.0003137674568890   0.0002079387367520   -0.0000779449214027   -0.0000582212463247   -0.0000000000000000   -0.0000174460544254   
 0.0800000000000000   -3.1377379100733123   2.4897505429621880   -0.0003453913614713   0.0001916977051889   -0.0000912736135067   0.0052101631913355   -0.0031811474599815   0.0008137202723184   0.7597546021126192   -0.0002930666479915   0.0001916977051889   -0.0000751595560438   -0.0000523247134798   -0.0000000000000000   -0.0000161140574629   
 0.0850000000000000   -3.1254032998885632   2.4436674817063007   -0.0003199846966856   0.0001761966840623   -0.0000872638411231   0.0049450524010296   -0.0030139420016589   0.0007893919273297   0.7390357592027902   -0.0002730834168983   0.0001761966840623   -0.0000723909437713   -0.0000469012797873   -0.0000000000000000   -0.0000148728973518   
 0.0900000000000000   -3.1133027101301769   2.3966588263282622   -0.0002959958989171   0.0001615977938831   -0.0000833859800885   0.0046466767888105   -0.0028228723269661   0.0007612692702371   0.7191862937707266   -0.0002540351537890   0.0001615977938831   -0.0000696657463129   -0.0000419607451281   -0.0000000000000001   -0.0000137202337756   
 0.0950000000000000   -3.1014339535007074   2.3512752243871278   -0.0002735417724112   0.0001479854637003   -0.0000796548088892   0.0043338096551961   -0.0026211705463588   0.0007309348561232   0.7002033052447368   -0.0002360492393456   0.0001479854637004   -0.0000670024305759   -0.0000374925330656   -0.0000000000000001   -0.0000126523783133   
 0.1000000000000000   -3.0897844681915969   2.3091640760886989   -0.0002526596984605   0.0001353881019839   -0.0000760784512342   0.0040196618292502   -0.0024181595209095   0.0006994979155801   0.6820686117844748   -0.0002191864340750   0.0001353881019840   -0.0000644135439396   -0.0000334732643855   -0.0000000000000002   -0.0000116649072946   
 0.1500000000000000   -2.9803604350662360   2.1429672349932436   -0.0001165840950145   0.0000560478603943   -0.0000485283688661   0.0017142514791594   -0.0009521080226330   0.0004200452170456   0.5396701294902635   -0.0001057026590365   0.0000560478604003   -0.0000433388311838   -0.0000108814359780   -0.0000000000000060   -0.0000051895376823   
 0.2000000000000000   -2.8704174689342370   2.2803997217760497   -0.0000584774577441   0.0000250616182227   -0.0000321356437568   0.0007558987663256   -0.0003813912338865   0.0002519040438218   0.4450183218606289   -0.0000546644916784   0.0000250616182516   -0.0000297584838849   -0.0000038129660657   -0.0000000000000289   -0.0000023771598719   
 0.2500000000000000   -2.7515309823334166   2.4703483159771338   -0.0000318452789869   0.0000121863566186   -0.0000221182525862   0.0003642389481382   -0.0001666114148411   0.0001576060685571   0.3771652083399141   -0.0000303930312324   0.0000121863566844   -0.0000209827221943   -0.0000014522477545   -0.0000000000000658   -0.0000011355303918   
 0.3000000000000000   -2.6245064259147228   2.5957961861309515   -0.0000185408960369   0.0000063568652626   -0.0000157270497184   0.0001898827383655   -0.0000788259898177   0.0001027445745992   0.3258358723511491   -0.0000179455011673   0.0000063568653675   -0.0000151608207608   -0.0000005953948695   -0.0000000000001049   -0.0000005662289576   
 0.3500000000000000   -2.4934977036759727   2.6296849647093059   -0.0000113939780072   0.0000035140588578   -0.0000114911776931   0.0001055760455658   -0.0000398519977158   0.0000693164961371   0.2856704162302180   -0.0000111336409914   0.0000035140589955   -0.0000111970410306   -0.0000002603370158   -0.0000000000001377   -0.0000002941366625   
 0.4000000000000000   -2.3628615746434156   2.5844612098801178   -0.0000073203729961   0.0000020397638546   -0.0000085937771775   0.0000618905134863   -0.0000212943617346   0.0000481194171603   0.2535606605269274   -0.0000071998609959   0.0000020397640156   -0.0000084350102938   -0.0000001205120002   -0.0000000000001610   -0.0000001587668837   
 0.4500000000000000   -2.2359766768783662   2.4836557925227862   -0.0000048820472841   0.0000012346573471   -0.0000065585799359   0.0000379210173037   -0.0000119266421523   0.0000342294018327   0.2275180751311346   -0.0000048233414603   0.0000012346575226   -0.0000064697584456   -0.0000000587058238   -0.0000000000001754   -0.0000000888214903   
 0.5000000000000000   -2.1150490752749485   2.3494803477454660   -0.0000033612274024   0.0000007751020242   -0.0000050958674836   0.0000241243343580   -0.0000069579195161   0.0000248737907697   0.2061693190385736   -0.0000033312857636   0.0000007751022070   -0.0000050444933016   -0.0000000299416388   -0.0000000000001828   -0.0000000513741820   
 0.5500000000000000   -2.0012976540281886   2.1989826497192539   -0.0000023786942134   0.0000005024771482   -0.0000040231532324   0.0000158529175640   -0.0000042072744363   0.0000184213856971   0.1885146659773154   -0.0000023627765068   0.0000005024773332   -0.0000039925059411   -0.0000000159177066   -0.0000000000001849   -0.0000000306472913   
 0.6000000000000001   -1.8952251243729785   2.0438830181871448   -0.0000017242617196   0.0000003351500265   -0.0000032221190110   0.0000107164972542   -0.0000026262466147   0.0000138774639580   0.1738016025744945   -0.0000017154758569   0.0000003351502101   -0.0000032033063550   -0.0000000087858627   -0.0000000000001836   -0.0000000188126560   
 0.6500000000000000   -1.7968604353705251   1.8916165303206136   -0.0000012765563134   0.0000002292929665   -0.0000026141331036   0.0000074272347884   -0.0000016866433830   0.0000106171426062   0.1614518362373461   -0.0000012715390683   0.0000002292931466   -0.0000026022765125   -0.0000000050172451   -0.0000000000001800   -0.0000000118565911   
 0.7000000000000001   -1.7059425963510457   1.7465343563573514   -0.0000009629508229   0.0000001604815164   -0.0000021457954273   0.0000052628415853   -0.0000011112711440   0.0000082378323537   0.1510150253474969   -0.0000009599957324   0.0000001604816915   -0.0000021381390760   -0.0000000029550905   -0.0000000000001751   -0.0000000076563513   
 0.7500000000000000   -1.6220486535532701   1.6109093709806928   -0.0000007386067794   0.0000001146441633   -0.0000017801327402   0.0000038037452215   -0.0000007492930091   0.0000064743771154   0.1421372040863603   -0.0000007368165718   0.0000001146443326   -0.0000017750768009   -0.0000000017902076   -0.0000000000001694   -0.0000000050559392   
 0.8000000000000000   -1.5446779633319485   1.4856794737291199   -0.0000005750631922   0.0000000834277476   -0.0000014910925040   0.0000027985340105   -0.0000005159199030   0.0000051486680020   0.1345381263606990   -0.0000005739504128   0.0000000834279109   -0.0000014876842474   -0.0000000011127794   -0.0000000000001633   -0.0000000034082567   
 0.8500000000000001   -1.4733052389178214   1.3709621332326642   -0.0000004538006131   0.0000000617374133   -0.0000012600202132   0.0000020923271670   -0.0000003620687186   0.0000041389138848   0.1279944994372661   -0.0000004530923938   0.0000000617375703   -0.0000012576786223   -0.0000000007082194   -0.0000000000001570   -0.0000000023415909   
 0.8999999999999999   -1.4074124214281156   1.2663962168668230   -0.0000003624960791   0.0000000463880034   -0.0000010733596619   0.0000015873034211   -0.0000002585558383   0.0000033604611954   0.1223273479425712   -0.0000003620354123   0.0000000463881543   -0.0000010717224768   -0.0000000004606668   -0.0000000000001509   -0.0000000016371851   
 0.9500000000000001   -1.3465066871758238   1.1713623113985034   -0.0000002927820587   0.0000000353428143   -0.0000009211239229   0.0000012202700476   -0.0000001875996505   0.0000027535747011   0.1173923854942204   -0.0000002924762874   0.0000000353429592   -0.0000009199605753   -0.0000000003057714   -0.0000000000001449   -0.0000000011633476   
 1.0000000000000000   -1.2901296299921792   1.0851209649038889   -0.0000002388711301   0.0000000272722720   -0.0000007958616165   0.0000009495575453   -0.0000001381196300   0.0000022755079382   0.1130726247263453   -0.0000002386642828   0.0000000272724111   -0.0000007950225141   -0.0000000002068473   -0.0000000000001391   -0.0000000008391024   
 1.5000000000000000   -0.9003560220968899   0.5548070254162110   -0.0000000468270194   0.0000000034208948   -0.0000002439014563   0.0000001264106570   -0.0000000117519811   0.0000004814606547   0.0890707315777165   -0.0000000468160143   0.0000000034209892   -0.0000002438424040   -0.0000000000110051   -0.0000000000000944   -0.0000000000590523   
 2.0000000000000000   -0.6866366952940203   0.3284883640855411   -0.0000000145651974   0.0000000007768168   -0.0000001034978497   0.0000000296139679   -0.0000000019977189   0.0000001549668517   0.0797564917889050   -0.0000000145610487   0.0000000007768839   -0.0000001034905386   -0.0000000000041487   -0.0000000000000672   -0.0000000000073111   
 2.5000000000000000   -0.5535956426280054   0.2153326209478069   -0.0000000058749689   0.0000000002479518   -0.0000000529680081   0.0000000095657222   -0.0000000005038316   0.0000000637286456   0.0751760073827185   -0.0000000058710475   0.0000000002480010   -0.0000000529682770   -0.0000000000039214   -0.0000000000000492   0.0000000000002689   
 3.0000000000000000   -0.4632692858726305   0.1514949816889274   -0.0000000027965183   0.0000000000992668   -0.0000000305909436   0.0000000037963830   -0.0000000001635362   0.0000000307304365   0.0725655689367026   -0.0000000027924006   0.0000000000993033   -0.0000000305931505   -0.0000000000041176   -0.0000000000000365   0.0000000000022069   
 3.5000000000000000   -0.3980820936755903   0.1121742738810535   -0.0000000014923242   0.0000000000471396   -0.0000000192193764   0.0000000017380534   -0.0000000000631775   0.0000000165633562   0.0709227017376855   -0.0000000014880243   0.0000000000471666   -0.0000000192223478   -0.0000000000043000   -0.0000000000000270   0.0000000000029714   
 4.0000000000000000   -0.3488794385394861   0.0863159818533263   -0.0000000008655425   0.0000000000258180   -0.0000000128463082   0.0000000008835879   -0.0000000000277003   0.0000000096910199   0.0698128500293195   -0.0000000008611033   0.0000000000258376   -0.0000000128496891   -0.0000000000044392   -0.0000000000000196   0.0000000000033810   
 4.5000000000000000   -0.3104498638877554   0.0684333834890351   -0.0000000005347390   0.0000000000160520   -0.0000000090034413   0.0000000004866197   -0.0000000000133609   0.0000000060384700   0.0690223202810071   -0.0000000005301947   0.0000000000160658   -0.0000000090070871   -0.0000000000045443   -0.0000000000000138   0.0000000000036458   
 5.0000000000000000   -0.2796168987135442   0.0555650983383274   -0.0000000003470528   0.0000000000111780   -0.0000000065509140   0.0000000002854465   -0.0000000000069370   0.0000000039546010   0.0684357047774417   -0.0000000003424280   0.0000000000111870   -0.0000000065547507   -0.0000000000046248   -0.0000000000000090   0.0000000000038366   
 5.5000000000000000   -0.2543373028055034   0.0460028171936776   -0.0000000002342622   0.0000000000085782   -0.0000000049131482   0.0000000001761960   -0.0000000000038155   0.0000000026964757   0.0679860037029679   -0.0000000002295743   0.0000000000085832   -0.0000000049171314   -0.0000000000046879   -0.0000000000000050   0.0000000000039832   
 6.0000000000000000   -0.2332384289703993   0.0387065591178184   -0.0000000001632312   0.0000000000071173   -0.0000000037782343   0.0000000001134269   -0.0000000000021959   0.0000000019009473   0.0676320213108106   -0.0000000001584930   0.0000000000071190   -0.0000000037823348   -0.0000000000047382   -0.0000000000000017   0.0000000000041005   
 6.5000000000000000   -0.2153645890325991   0.0330144686470048   -0.0000000001167269   0.0000000000062623   -0.0000000029671824   0.0000000000756364   -0.0000000000013091   0.0000000013781939   0.0673472168980297   -0.0000000001119479   0.0000000000062611   -0.0000000029713794   -0.0000000000047790   0.0000000000000012   0.0000000000041969   
 7.0000000000000000   -0.2000302113868642   0.0284893773350369   -0.0000000000852674   0.0000000000057460   -0.0000000023722916   0.0000000000519686   -0.0000000000008014   0.0000000010233312   0.0671138165585640   -0.0000000000804547   0.0000000000057423   -0.0000000023765695   -0.0000000000048127   0.0000000000000037   0.0000000000042779   
 7.5000000000000000   -0.1867308657369438   0.0248332636546522   -0.0000000000633823   0.0000000000054270   -0.0000000019261181   0.0000000000366375   -0.0000000000004998   0.0000000007756366   0.0669195230074643   -0.0000000000585415   0.0000000000054211   -0.0000000019304650   -0.0000000000048408   0.0000000000000058   0.0000000000043469   
 8.0000000000000000   -0.1750872311416780   0.0218373749366666   -0.0000000000477860   0.0000000000052270   -0.0000000015849646   0.0000000000264126   -0.0000000000003148   0.0000000005985262   0.0667555880934052   -0.0000000000429215   0.0000000000052192   -0.0000000015893711   -0.0000000000048645   0.0000000000000078   0.0000000000044065   
 8.5000000000000000   -0.1648086235362597   0.0193520010092372   -0.0000000000364353   0.0000000000051008   -0.0000000013196737   0.0000000000194177   -0.0000000000001985   0.0000000004691879   0.0666156372409946   -0.0000000000315504   0.0000000000050913   -0.0000000013241322   -0.0000000000048849   0.0000000000000095   0.0000000000044585   
 9.0000000000000000   -0.1556685645223257   0.0172675343915356   -0.0000000000280204   0.0000000000050216   -0.0000000011102845   0.0000000000145239   -0.0000000000001236   0.0000000003729641   0.0664949271933727   -0.0000000000231181   0.0000000000050106   -0.0000000011147887   -0.0000000000049024   0.0000000000000110   0.0000000000045043   
 9.5000000000000000   -0.1474880003321020   0.0155022503845092   -0.0000000000216793   0.0000000000049729   -0.0000000009428192   0.0000000000110314   -0.0000000000000747   0.0000000003001845   0.0663898629833680   -0.0000000000167616   0.0000000000049605   -0.0000000009473641   -0.0000000000049176   0.0000000000000123   0.0000000000045449   
 10.0000000000000000   -0.1401235175133844   0.0139942166713060   -0.0000000000168307   0.0000000000049442   -0.0000000008072920   0.0000000000084943   -0.0000000000000422   0.0000000002443183   0.0662976751543823   -0.0000000000118997   0.0000000000049306   -0.0000000008118732   -0.0000000000049310   0.0000000000000136   0.0000000000045812   
 15.0000000000000000   -0.0934460046885995   0.0062270214828926   -0.0000000000001167   0.0000000000049822   -0.0000000002354562   0.0000000000010468   0.0000000000000215   0.0000000000480092   0.0657657325864100   0.0000000000048905   0.0000000000049607   -0.0000000002402617   -0.0000000000050072   0.0000000000000215   0.0000000000048055   
 20.0000000000000000   -0.0700902567191217   0.0035039311645612   0.0000000000024590   0.0000000000050786   -0.0000000000968650   0.0000000000002192   0.0000000000000163   0.0000000000151445   0.0655331860571132   0.0000000000074986   0.0000000000050530   -0.0000000001017792   -0.0000000000050396   0.0000000000000256   0.0000000000049142   
 25.0000000000000000   -0.0560735263685933   0.0022428161640351   0.0000000000030546   0.0000000000051471   -0.0000000000476414   0.0000000000000565   0.0000000000000114   0.0000000000061902   0.0654042769734273   0.0000000000081117   0.0000000000051190   -0.0000000000526197   -0.0000000000050571   0.0000000000000281   0.0000000000049783   
 30.0000000000000000   -0.0467281720944495   0.0015576001951424   0.0000000000032085   0.0000000000051954   -0.0000000000259252   0.0000000000000136   0.0000000000000082   0.0000000000029803   0.0653227425687907   0.0000000000082764   0.0000000000051656   -0.0000000000309457   -0.0000000000050679   0.0000000000000297   0.0000000000050205   
 35.0000000000000000   -0.0400526517333123   0.0011443880097230   0.0000000000032374   0.0000000000052308   -0.0000000000148973   0.0000000000000004   0.0000000000000061   0.0000000000016064   0.0652666548026997   0.0000000000083127   0.0000000000051999   -0.0000000000199478   -0.0000000000050752   0.0000000000000309   0.0000000000050505   
 40.0000000000000000   -0.0350459256012314   0.0008761809988990   0.0000000000032270   0.0000000000052578   -0.0000000000087148   -0.0000000000000038   0.0000000000000048   0.0000000000009404   0.0652257628143235   0.0000000000083075   0.0000000000052260   -0.0000000000137876   -0.0000000000050805   0.0000000000000318   0.0000000000050728   
 45.0000000000000000   -0.0311517808789760   0.0006922931155074   0.0000000000032044   0.0000000000052791   -0.0000000000049845   -0.0000000000000050   0.0000000000000038   0.0000000000005864   0.0651946524013822   0.0000000000082888   0.0000000000052466   -0.0000000000100746   -0.0000000000050845   0.0000000000000325   0.0000000000050901   
 50.0000000000000000   -0.0280364626028964   0.0005607568888373   0.0000000000031791   0.0000000000052962   -0.0000000000026023   -0.0000000000000050   0.0000000000000031   0.0000000000003842   0.0651702010228435   0.0000000000082666   0.0000000000052632   -0.0000000000077062   -0.0000000000050875   0.0000000000000331   0.0000000000051039   
 55.0000000000000000   -0.0254875709497746   0.0004634340990131   0.0000000000031546   0.0000000000053103   -0.0000000000010106   -0.0000000000000047   0.0000000000000026   0.0000000000002621   0.0651504839440676   0.0000000000082446   0.0000000000052768   -0.0000000000061258   -0.0000000000050900   0.0000000000000335   0.0000000000051151   
 60.0000000000000000   -0.0233635018834591   0.0003894118632579   0.0000000000031319   0.0000000000053221   0.0000000000000927   -0.0000000000000043   0.0000000000000022   0.0000000000001848   0.0651342512847114   0.0000000000082240   0.0000000000052882   -0.0000000000050318   -0.0000000000050920   0.0000000000000339   0.0000000000051245   
 65.0000000000000000   -0.0215662201021400   0.0003318051240127   0.0000000000031115   0.0000000000053322   0.0000000000008813   -0.0000000000000039   0.0000000000000019   0.0000000000001340   0.0651206566189035   0.0000000000082052   0.0000000000052979   -0.0000000000042511   -0.0000000000050937   0.0000000000000342   0.0000000000051324   
 70.0000000000000000   -0.0200256996587681   0.0002860959989300   0.0000000000030932   0.0000000000053408   0.0000000000014597   -0.0000000000000035   0.0000000000000016   0.0000000000000995   0.0651091066112815   0.0000000000081883   0.0000000000053063   -0.0000000000036795   -0.0000000000050951   0.0000000000000345   0.0000000000051392   
 75.0000000000000000   -0.0186905878970424   0.0002492202990708   0.0000000000030768   0.0000000000053483   0.0000000000018934   -0.0000000000000031   0.0000000000000014   0.0000000000000754   0.0650991731451009   0.0000000000081731   0.0000000000053135   -0.0000000000032517   -0.0000000000050963   0.0000000000000347   0.0000000000051450   
 80.0000000000000000   -0.0175223702224219   0.0002190403348336   0.0000000000030621   0.0000000000053548   0.0000000000022249   -0.0000000000000028   0.0000000000000012   0.0000000000000581   0.0650905396379797   0.0000000000081594   0.0000000000053199   -0.0000000000029253   -0.0000000000050974   0.0000000000000350   0.0000000000051501   
 85.0000000000000000   -0.0164915942803595   0.0001940280064239   0.0000000000030489   0.0000000000053606   0.0000000000024825   -0.0000000000000025   0.0000000000000011   0.0000000000000455   0.0650829669883478   0.0000000000081471   0.0000000000053255   -0.0000000000026722   -0.0000000000050983   0.0000000000000351   0.0000000000051546   
 90.0000000000000000   -0.0155753527019195   0.0001730675093653   0.0000000000030370   0.0000000000053658   0.0000000000026857   -0.0000000000000023   0.0000000000000010   0.0000000000000362   0.0650762712670200   0.0000000000081360   0.0000000000053305   -0.0000000000024730   -0.0000000000050991   0.0000000000000353   0.0000000000051586   
 95.0000000000000000   -0.0147555607531372   0.0001553287083393   0.0000000000030262   0.0000000000053704   0.0000000000028480   -0.0000000000000021   0.0000000000000009   0.0000000000000291   0.0650703086890641   0.0000000000081260   0.0000000000053350   -0.0000000000023142   -0.0000000000050998   0.0000000000000355   0.0000000000051622   
 100.0000000000000000   -0.0140177506804981   0.0001401836645853   0.0000000000030164   0.0000000000053746   0.0000000000029793   -0.0000000000000019   0.0000000000000008   0.0000000000000236   0.0650649652394170   0.0000000000081168   0.0000000000053390   -0.0000000000021861   -0.0000000000051004   0.0000000000000356   0.0000000000051654   
