 0.0001000000000000   -3.1259825666999999   0.0000000000000000   0.0000659100000000   -0.0000265900000000   -0.0000154800000000   0.0000000000027105   0.0000000000000000   0.0000000000000000   0.4072548800000000   0.0000444600000000   -0.0000265900000000   -0.0000092850000000   0.0000214500000000   0.0000000000000000   -0.0000061950000000   
 0.0001500000000000   -3.1259825666999999   0.0000000000000000   0.0000659100000000   -0.0000265900000000   -0.0000154800000000   0.0000000000012047   0.0000000000000000   0.0000000000000000   0.4072548800000000   0.0000444600000000   -0.0000265900000000   -0.0000092850000000   0.0000214500000000   0.0000000000000000   -0.0000061950000000   
 0.0002000000000000   -3.1259825666999976   -0.0000001332267630   0.0000659100000000   -0.0000265900000000   -0.0000154800000000   -0.0000000000013553   0.0000000000000000   0.0000000000003388   0.4072548799999723   0.0000444600000000   -0.0000265900000000   -0.0000092850000000   0.0000214500000000   0.0000000000000000   -0.0000061950000000   
 0.0002500000000000   -3.1259825666991814   0.0000000568434189   0.0000659099999970   -0.0000265899999997   -0.0000154799999997   -0.0000000002818926   0.0000000000316587   0.0000000000261293   0.4072548799900666   0.0000444599999996   -0.0000265899999997   -0.0000092850000001   0.0000214499999974   0.0000000000000000   -0.0000061949999996   
 0.0003000000000000   -3.1259825666579322   0.0000027829590484   0.0000659099998406   -0.0000265899999788   -0.0000154799999823   -0.0000000106462630   0.0000000015064387   0.0000000012543617   0.4072548794873783   0.0000444599999707   -0.0000265899999788   -0.0000092850000015   0.0000214499998699   0.0000000000000000   -0.0000061949999808   
 0.0003500000000000   -3.1259825659896738   0.0000345120757369   0.0000659099971799   -0.0000265899995417   -0.0000154799996299   -0.0000001394553938   0.0000000243438790   0.0000000193180488   0.4072548713052091   0.0000444599993247   -0.0000265899995417   -0.0000092849999628   0.0000214499978552   0.0000000000000000   -0.0000061949996671   
 0.0004000000000000   -3.1259825607302112   0.0002228439655028   0.0000659099752857   -0.0000265899952663   -0.0000154799963549   -0.0000009419866959   0.0000001942202502   0.0000001461517658   0.4072548066051688   0.0000444599929152   -0.0000265899952663   -0.0000092849992524   0.0000214499823705   0.0000000000000000   -0.0000061949971024   
 0.0004500000000000   -3.1259825352398751   0.0009312320462077   0.0000659098648904   -0.0000265899705512   -0.0000154799782937   -0.0000040917033725   0.0000009590266146   0.0000006893559529   0.4072544916357040   0.0000444599559359   -0.0000265899705512   -0.0000092849941287   0.0000214499089545   0.0000000000000000   -0.0000061949841650   
 0.0005000000000000   -3.1259824472554136   0.0028730227086271   0.0000659094704476   -0.0000265898722526   -0.0000154799092500   -0.0000130504382257   0.0000033781716031   0.0000023389643900   0.4072534000234247   0.0000444598098800   -0.0000265898722526   -0.0000092849714912   0.0000214496605676   0.0000000000000000   -0.0000061949377588   
 0.0005500000000000   -3.1259822097157679   0.0071161970714637   0.0000659083731762   -0.0000265895746260   -0.0000154797068938   -0.0000332617127460   0.0000093096721111   0.0000062528023464   0.4072504420489482   0.0000444593712098   -0.0000265895746260   -0.0000092848989319   0.0000214490019664   0.0000000000000000   -0.0000061948079619   
 0.0006000000000000   -3.1259816755986760   0.0149628211055920   0.0000659058411561   -0.0000265888396083   -0.0000154792203174   -0.0000716794752954   0.0000213575743643   0.0000139930854620   0.4072437690227458   0.0000444582962961   -0.0000265888396083   -0.0000092847136537   0.0000214475448600   0.0000000000000000   -0.0000061945066637   
 0.0006500000000000   -3.1259806309210814   0.0277548545619059   0.0000659007761712   -0.0000265872859131   -0.0000154782142073   -0.0001358232801172   0.0000425843349196   0.0000273348580195   0.4072306789085879   0.0000444560402112   -0.0000265872859131   -0.0000092843138399   0.0000214447359601   0.0000000000000000   -0.0000061939003674   
 0.0007000000000000   -3.1259787977277416   0.0466796596841198   0.0000658917122408   -0.0000265843761541   -0.0000154763642851   -0.0002327148419515   0.0000761000551212   0.0000480205610934   0.4072076481332066   0.0000444518416131   -0.0000265843761541   -0.0000092835550892   0.0000214398706278   0.0000000000000000   -0.0000061928091958   
 0.0007500000000000   -3.1259758457598084   0.0726231929901486   0.0000658768638066   -0.0000265794248104   -0.0000154732647647   -0.0003679931530216   0.0001246589710075   0.0000775352471873   0.4071704746645630   0.0000444447367255   -0.0000265794248104   -0.0000092822526747   0.0000214321270811   0.0000000000000000   -0.0000061910120900   
 0.0008000000000000   -3.1259714097746132   0.1060913384920426   0.0000658542102787   -0.0000265716242004   -0.0000154684455164   -0.0005453573770147   0.0001903528762244   0.0001169477572216   0.4071144948818363   0.0000444335976934   -0.0000265716242004   -0.0000092801887802   0.0000214206125853   0.0000000000000000   -0.0000061882567362   
 0.0008500000000000   -3.1259651091716818   0.1471944571611917   0.0000658215996949   -0.0000265600825245   -0.0000154613951906   -0.0007663538146403   0.0002744367946262   0.0001668311382729   0.4070348319718588   0.0000444171866144   -0.0000265600825245   -0.0000092771230147   0.0000214044130805   0.0000000000000000   -0.0000061842721759   
 0.0009000000000000   -3.1259565671356166   0.1956790263431999   0.0000657768556389   -0.0000265438673828   -0.0000154515864908   -0.0010304445296037   0.0003772809411916   0.0002272537159686   0.4069266401123103   0.0000443942159832   -0.0000265438673828   -0.0000092728043507   0.0000213826396558   0.0000000000000000   -0.0000061787821401   
 0.0009500000000000   -3.1259454273961023   0.2509883369160399   0.0000657178755676   -0.0000265220490926   -0.0000154385005049   -0.0013352668568787   0.0004984212549385   0.0002978221963231   0.4067853197622435   0.0000443634078096   -0.0000265220490926   -0.0000092669829135   0.0000213544677581   0.0000000000000000   -0.0000061715175914   
 0.0010000000000000   -3.1259313675790317   0.3123358922607622   0.0000656427132417   -0.0000264937397223   -0.0000154216480072   -0.0016769964638686   0.0006366746299819   0.0003777566010243   0.4066066904499408   0.0000443235460199   -0.0000264937397223   -0.0000092594205106   0.0000213191672218   0.0000000000000000   -0.0000061622274966   
 0.0015000000000000   -3.1255935944093931   1.0435541055484361   0.0000637591034235   -0.0000257307682387   -0.0000149812893745   -0.0059304147944654   0.0024738060478069   0.0014094276918373   0.4022832025379829   0.0000432586435078   -0.0000257307682387   -0.0000090551824064   0.0000205004599157   0.0000000000000000   -0.0000059261069681   
 0.0020000000000000   -3.1249304968995180   1.5462708242708345   0.0000599378642331   -0.0000241054419007   -0.0000140649038791   -0.0089906235594642   0.0038676918446747   0.0021645473249989   0.3937243547527476   0.0000409797406270   -0.0000241054419007   -0.0000086182919541   0.0000189581236061   0.0000000000000000   -0.0000054466119250   
 0.0025000000000000   -3.1241049404526740   1.7095438769842985   0.0000551135169087   -0.0000220206767861   -0.0000129053940522   -0.0100244979895064   0.0043397311658036   0.0024003382051148   0.3829967368532504   0.0000379976766823   -0.0000220206767861   -0.0000080510531102   0.0000171158402264   0.0000000000000000   -0.0000048543409420   
 0.0030000000000000   -3.1232547516029601   1.6685051967218414   0.0000501194604873   -0.0000198621897007   -0.0000117176965193   -0.0098135962762606   0.0042298254045673   0.0023154303653510   0.3718924746854056   0.0000348218036806   -0.0000198621897007   -0.0000074526080331   0.0000152976568067   0.0000000000000000   -0.0000042650884863   
 0.0035000000000000   -3.1224510290918497   1.5380470754233995   0.0000453881287255   -0.0000178313566902   -0.0000106116047654   -0.0090618628705741   0.0038713508099582   0.0020975348599540   0.3613573585392114   0.0000317407687702   -0.0000178313566902   -0.0000068772463041   0.0000136473599553   0.0000000000000000   -0.0000037343584613   
 0.0040000000000000   -3.1217210012163075   1.3807117080766318   0.0000410829885740   -0.0000160013741822   -0.0000096251248328   -0.0081509546806561   0.0034463304947108   0.0018479818758041   0.3517657804351615   0.0000288809123059   -0.0000160013741822   -0.0000063475213556   0.0000122020762680   0.0000000000000000   -0.0000032776034772   
 0.0045000000000000   -3.1210699104891675   1.2252710920491172   0.0000372345604267   -0.0000143825382027   -0.0000087614620976   -0.0072524129626998   0.0030346369458187   0.0016104956707185   0.3431993239813070   0.0000262816387523   -0.0000143825382027   -0.0000058695477255   0.0000109529216744   0.0000000000000000   -0.0000028919143721   
 0.0050000000000000   -3.1204934637986068   1.0831764087981810   0.0000338172630617   -0.0000129595921036   -0.0000080100379235   -0.0064322683305992   0.0026651224239828   0.0014001734845597   0.3356094506922822   0.0000239414618654   -0.0000129595921036   -0.0000054419953424   0.0000098758011963   0.0000000000000000   -0.0000025680425811   
 0.0055000000000000   -3.1199839322278553   0.9577844365329546   0.0000307860816608   -0.0000117092785131   -0.0000073563008395   -0.0057087737150420   0.0023441612766021   0.0012196326343169   0.3288989142742096   0.0000218417075300   -0.0000117092785131   -0.0000050605815789   0.0000089443741308   0.0000000000000000   -0.0000022957192606   
 0.0060000000000000   -3.1195329160648537   0.8489309570869351   0.0000280926428473   -0.0000106077518227   -0.0000067858039666   -0.0050801354893626   0.0020691878778272   0.0010666574620983   0.3229594320691588   0.0000199579196169   -0.0000106077518227   -0.0000047201682604   0.0000081347232305   0.0000000000000000   -0.0000020656357062   
 0.0065000000000000   -3.1191324983670206   0.7550839021602510   0.0000256916685005   -0.0000096333462094   -0.0000062856653375   -0.0045371102125725   0.0018346707119994   0.0009375499327321   0.3176877994720786   0.0000182650886959   -0.0000096333462094   -0.0000044156868284   0.0000074265798046   0.0000000000000000   -0.0000018699785092   
 0.0070000000000000   -3.1187756518581291   0.6743206508730283   0.0000235431308019   -0.0000087673425771   -0.0000058449133920   -0.0040685123629486   0.0016346029263580   0.0008285004946891   0.3129918384382762   0.0000167398789675   -0.0000087673425771   -0.0000041425082537   0.0000068032518344   0.0000000000000000   -0.0000017024051383   
 0.0075000000000000   -3.1184563134559777   0.6047499064405001   0.0000216125665681   -0.0000079939281325   -0.0000054543950576   -0.0036634931939696   0.0014634524935204   0.0007360875865154   0.3087917410069895   0.0000153614253255   -0.0000079939281325   -0.0000038965561554   0.0000062511412426   0.0000000000000000   -0.0000015578389022   
 0.0080000000000000   -3.1181693205042604   0.5446761575933490   0.0000198706620448   -0.0000072998694518   -0.0000051065395986   -0.0033123740817916   0.0013164523763312   0.0006574089146546   0.3050194585650419   0.0000141114682770   -0.0000072998694518   -0.0000036743058207   0.0000057591937678   0.0000000000000000   -0.0000014322337778   
 0.0085000000000000   -3.1179102977440429   0.4926478732532723   0.0000182926008264   -0.0000066741182306   -0.0000047950991305   -0.0030068490730883   0.0011896210497214   0.0005900670380741   0.3016173749336064   0.0000129741997648   -0.0000066741182306   -0.0000034727368095   0.0000053184010616   0.0000000000000000   -0.0000013223623209   
 0.0090000000000000   -3.1176755345177298   0.4474556458250386   0.0000168573856349   -0.0000061074360957   -0.0000045149112251   -0.0027399269017740   0.0010796835573427   0.0005321053870939   0.2985368233501431   0.0000119359996033   -0.0000061074360957   -0.0000032892707230   0.0000049213860316   0.0000000000000000   -0.0000012256405021   
 0.0095000000000000   -3.1174618686028106   0.4081108412640554   0.0000155472170358   -0.0000055920675437   -0.0000042616969169   -0.0025057790063315   0.0009839653216597   0.0004819346235786   0.2957366847944453   0.0000109851472535   -0.0000055920675437   -0.0000031217083297   0.0000045620697823   0.0000000000000000   -0.0000011399885872   
 0.0100000000000000   -3.1172665825335093   0.3738184330970284   0.0000143469553039   -0.0000051214662357   -0.0000040318944855   -0.0022995664979953   0.0009002877071973   0.0004382645552228   0.2931821538679233   0.0000101115469499   -0.0000051214662357   -0.0000029681719074   0.0000042354083541   0.0000000000000000   -0.0000010637225781   
 0.0150000000000000   -3.1158998033555880   0.2249134301735012   0.0000062500453651   -0.0000019590158549   -0.0000025453076899   -0.0011481788464525   0.0004549708734368   0.0002000952214969   0.2763469290511748   0.0000041630736841   -0.0000019590158549   -0.0000019394402354   0.0000020869716810   0.0000000000000000   -0.0000006058674545   
 0.0200000000000000   -3.1145159388614299   0.3808810680494545   0.0000016705807765   -0.0000000466374488   -0.0000017969600741   -0.0007509042020723   0.0003394675358441   0.0001119196615349   0.2678266457393264   0.0000007712494135   -0.0000000466374488   -0.0000013955270624   0.0000008993313630   0.0000000000000000   -0.0000004014330117   
 0.0250000000000000   -3.1115909416270671   0.8316955909208446   -0.0000016589546800   0.0000015956691229   -0.0000013477325481   -0.0006016182945997   0.0003234090735747   0.0000723843307906   0.2632587272275393   -0.0000016979963748   0.0000015956691229   -0.0000010596853282   0.0000000390416949   0.0000000000000000   -0.0000002880472199   
 0.0300000000000000   -3.1059104170874283   1.4534723888380721   -0.0000044382749891   0.0000031861554609   -0.0000010454174477   -0.0005116761710044   0.0003087276364588   0.0000500597675501   0.2609580742152158   -0.0000037726884143   0.0000031861554609   -0.0000008303099987   -0.0000006655865748   0.0000000000000000   -0.0000002151074490   
 0.0350000000000000   -3.0970843060315203   2.0603769953743383   -0.0000067566991717   0.0000046289601983   -0.0000008381928579   -0.0004123467265082   0.0002629249660076   0.0000333818523745   0.2599013140161616   -0.0000055288914594   0.0000046289601983   -0.0000006717150075   -0.0000012278077123   0.0000000000000000   -0.0000001664778504   
 0.0400000000000000   -3.0855650374012087   2.5156381784885440   -0.0000085335681900   0.0000057721621865   -0.0000007069118707   -0.0002968102949770   0.0001915663755200   0.0000196020165798   0.2593499816853015   -0.0000069040962118   0.0000057721621865   -0.0000005705463658   -0.0000016294719781   0.0000000000000000   -0.0000001363655049   
 0.0450000000000000   -3.0722578364808024   2.7753174947055239   -0.0000097247470861   0.0000065331383218   -0.0000006369939980   -0.0001811560479403   0.0001131630492568   0.0000089227363647   0.2588139837918499   -0.0000078545459220   0.0000065331383218   -0.0000005164502206   -0.0000018702011642   0.0000000000000000   -0.0000001205437774   
 0.0500000000000000   -3.0580970360729021   2.8647077947560717   -0.0000103714029885   0.0000069181838422   -0.0000006120208693   -0.0000809560138052   0.0000431015269119   0.0000016177616338   0.2580297702696429   -0.0000083989423794   0.0000069181838422   -0.0000004974355996   -0.0000019724606091   0.0000000000000000   -0.0000001145852697   
 0.0550000000000000   -3.0438076966993868   2.8357843930807403   -0.0000105726274899   0.0000069906852015   -0.0000006157452366   -0.0000035039522661   -0.0000112593017271   -0.0000026572399035   0.2569028235376418   -0.0000086024998210   0.0000069906852015   -0.0000005013491776   -0.0000019701276690   0.0000000000000000   -0.0000001143960589   
 0.0600000000000000   -3.0298526260080743   2.7383253003337380   -0.0000104448207162   0.0000068334840315   -0.0000006347510064   0.0000510400642213   -0.0000489906278142   -0.0000046275692350   0.2554400796986235   -0.0000085476049993   0.0000068334840315   -0.0000005179363420   -0.0000018972157169   0.0000000000000000   -0.0000001168146643   
 0.0650000000000000   -3.0164766979555204   2.6090558058763871   -0.0000100945492127   0.0000065245527649   -0.0000006594697431   0.0000862199167958   -0.0000724864412345   -0.0000050620033419   0.2536961911748553   -0.0000083126630880   0.0000065245527649   -0.0000005397163785   -0.0000017818861247   0.0000000000000000   -0.0000001197533646   
 0.0700000000000000   -3.0037756110065641   2.4713256954626526   -0.0000096072265016   0.0000061266622882   -0.0000006838719750   0.0001066218384168   -0.0000851472561851   -0.0000045906460864   0.2517399412919900   -0.0000079623314153   0.0000061266622882   -0.0000005618438319   -0.0000016448950862   0.0000000000000000   -0.0000001220281431   
 0.0750000000000000   -2.9917550382829732   2.3384229604583124   -0.0000090458401142   0.0000056857539682   -0.0000007046205067   0.0001164886082238   -0.0000901814769256   -0.0000036604758418   0.2496369383362313   -0.0000075454965158   0.0000056857539682   -0.0000005815269995   -0.0000015003435984   0.0000000000000000   -0.0000001230935072   
 0.0800000000000000   -2.9803718910582964   2.2170881090582961   -0.0000084541727351   0.0000052332178473   -0.0000007201967239   0.0001192261824797   -0.0000901704717369   -0.0000025583869776   0.2474425433919151   -0.0000070969910285   0.0000052332178473   -0.0000005973941210   -0.0000013571817066   0.0000000000000000   -0.0000001228026029   
 0.0850000000000000   -2.9695600317014388   2.1101586314846839   -0.0000078612022994   0.0000047892490203   -0.0000007302036350   0.0001173645964632   -0.0000870204078248   -0.0000014532644964   0.2452002589523157   -0.0000066405060844   0.0000047892490203   -0.0000006089730367   -0.0000012206962150   0.0000000000000000   -0.0000001212305983   
 0.0900000000000000   -2.9592451372487933   2.0182934086678790   -0.0000072851767185   0.0000043659995936   -0.0000007348769708   0.0001126942714625   -0.0000820643422883   -0.0000004350998454   0.2429426153022556   -0.0000061914667638   0.0000043659995936   -0.0000006163179053   -0.0000010937099546   0.0000000000000000   -0.0000001185590655   
 0.0950000000000000   -2.9493527617754496   1.9410126356838853   -0.0000067368773861   0.0000039701054053   -0.0000007347690420   0.0001064397404343   -0.0000761980191123   0.0000004553556056   0.2406929556541052   -0.0000057594192547   0.0000039701054053   -0.0000006197625186   -0.0000009774581314   0.0000000000000000   -0.0000001150065234   
 0.1000000000000000   -2.9398123960731928   1.8772942261104930   -0.0000062220462997   0.0000036045558632   -0.0000007305568004   0.0000994155759365   -0.0000700026595979   0.0000012062896073   0.2384673499416037   -0.0000053498528099   0.0000036045558632   -0.0000006197667958   -0.0000008721934898   0.0000000000000000   -0.0000001107900046   
 0.1500000000000000   -2.8524400684911795   1.7331831525929426   -0.0000028533279697   0.0000013873850940   -0.0000005842996654   0.0000420734849883   -0.0000252707936908   0.0000035081320855   0.2184929185334001   -0.0000025728724916   0.0000013873850940   -0.0000005221874586   -0.0000002804554781   0.0000000000000000   -0.0000000621122068   
 0.2000000000000000   -2.7605379047651164   1.9658370993938634   -0.0000014342351150   0.0000005895846511   -0.0000004245359947   0.0000183942415660   -0.0000094695277431   0.0000027785352673   0.2018191858188901   -0.0000013361071947   0.0000005895846507   -0.0000003936097269   -0.0000000981279203   0.0000000000000003   -0.0000000309262678   
 0.2500000000000000   -2.6555071855020271   2.2262859005641644   -0.0000007858822954   0.0000002764999786   -0.0000003069984684   0.0000088831092420   -0.0000039528093804   0.0000019567549809   0.1869590880610948   -0.0000007483457482   0.0000002764999768   -0.0000002915992651   -0.0000000375365472   0.0000000000000018   -0.0000000153992034   
 0.3000000000000000   -2.5394006699023857   2.4001985882728500   -0.0000004605895518   0.0000001403061590   -0.0000002249677599   0.0000046587050392   -0.0000018085608058   0.0000013614504540   0.1734980422231344   -0.0000004451025742   0.0000001403061539   -0.0000002171000439   -0.0000000154869776   0.0000000000000051   -0.0000000078677160   
 0.3500000000000000   -2.4172662572511654   2.4684914197629353   -0.0000002847182131   0.0000000758647505   -0.0000001676789203   0.0000026073616250   -0.0000008906848867   0.0000009564897898   0.1614509914718259   -0.0000002779018911   0.0000000758647405   -0.0000001635318183   -0.0000000068163220   0.0000000000000100   -0.0000000041471020   
 0.4000000000000000   -2.2940201776191365   2.4488975846256142   -0.0000001838302419   0.0000000432397132   -0.0000001271502268   0.0000015377518724   -0.0000004658267271   0.0000006822489661   0.1508549853683699   -0.0000001806560192   0.0000000432396972   -0.0000001248950752   -0.0000000031742228   0.0000000000000160   -0.0000000022551516   
 0.4500000000000000   -2.1733960896739815   2.3680105589801266   -0.0000001230968612   0.0000000257746199   -0.0000000980181309   0.0000009471355407   -0.0000002562339540   0.0000004946615255   0.1416671365902363   -0.0000001215430717   0.0000000257745977   -0.0000000967555665   -0.0000000015537896   0.0000000000000222   -0.0000000012625644   
 0.5000000000000000   -2.0578376230376239   2.2498058258934108   -0.0000000850319991   0.0000000159726386   -0.0000000767324709   0.0000006052068326   -0.0000001471847688   0.0000003645060483   0.1337753808171020   -0.0000000842369813   0.0000000159726106   -0.0000000760070636   -0.0000000007950178   0.0000000000000280   -0.0000000007254074   
 0.5500000000000000   -1.9487324476511232   2.1123910234610501   -0.0000000603394215   0.0000000102420457   -0.0000000609303056   0.0000003991749306   -0.0000000878046961   0.0000002727995213   0.1270319667769055   -0.0000000599164067   0.0000000102420128   -0.0000000605043909   -0.0000000004230148   0.0000000000000329   -0.0000000004259147   
 0.6000000000000001   -1.8467095306804286   1.9681657188945221   -0.0000000438362497   0.0000000067694481   -0.0000000490200095   0.0000002706773239   -0.0000000541617143   0.0000002071812126   0.1212807429634252   -0.0000000436033544   0.0000000067694114   -0.0000000487658382   -0.0000000002328953   0.0000000000000367   -0.0000000002541713   
 0.6500000000000000   -1.7518959363995688   1.8250308162089752   -0.0000000325138536   0.0000000045971591   -0.0000000399143316   0.0000001880860806   -0.0000000344201258   0.0000001595224054   0.1163734993707176   -0.0000000323818549   0.0000000045971196   -0.0000000397612492   -0.0000000001319988   0.0000000000000395   -0.0000000001530824   
 0.7000000000000001   -1.6641089329953944   1.6876760456167195   -0.0000000245636803   0.0000000031991062   -0.0000000328596296   0.0000001335687755   -0.0000000224673052   0.0000001244092352   0.1121777243760502   -0.0000000244870932   0.0000000031990649   -0.0000000327674853   -0.0000000000765871   0.0000000000000413   -0.0000000000921443   
 0.7500000000000000   -1.5829890756300353   1.5586312334179797   -0.0000000188647412   0.0000000022760462   -0.0000000273258635   0.0000000967181449   -0.0000000150235539   0.0000000981863276   0.1085790309555700   -0.0000000188195490   0.0000000022760041   -0.0000000272712512   -0.0000000000451922   0.0000000000000421   -0.0000000000546123   
 0.8000000000000000   -1.5080878641162418   1.4390351474582426   -0.0000000147030630   0.0000000016523559   -0.0000000229349520   0.0000000712724573   -0.0000000102682368   0.0000000783511046   0.1054807234310396   -0.0000000146761702   0.0000000016523138   -0.0000000229038982   -0.0000000000268929   0.0000000000000422   -0.0000000000310537   
 0.8500000000000001   -1.4389231810408853   1.3291653559055323   -0.0000000116126973   0.0000000012220125   -0.0000000194135224   0.0000000533603886   -0.0000000071592139   0.0000000631665653   0.1028020539940845   -0.0000000115967496   0.0000000012219710   -0.0000000193974990   -0.0000000000159477   0.0000000000000415   -0.0000000000160234   
 0.8999999999999999   -1.3750129370984057   1.2287899664207604   -0.0000000092828083   0.0000000009193486   -0.0000000165613392   0.0000000405292081   -0.0000000050831362   0.0000000514108962   0.1004760385144513   -0.0000000092735628   0.0000000009193083   -0.0000000165550346   -0.0000000000092455   0.0000000000000403   -0.0000000000063046   
 0.9500000000000001   -1.3158944401924899   1.1373948085994912   -0.0000000075018660   0.0000000007027300   -0.0000000142299264   0.0000000311901240   -0.0000000036697426   0.0000000422135557   0.0984472751486144   -0.0000000074968129   0.0000000007026914   -0.0000000142299705   -0.0000000000050531   0.0000000000000386   0.0000000000000440   
 1.0000000000000000   -1.2611346463142037   1.0543266841772776   -0.0000000061232828   0.0000000005451879   -0.0000000123079032   0.0000000242929787   -0.0000000026902605   0.0000000349466075   0.0966699653169372   -0.0000000061209033   0.0000000005451513   -0.0000000123121215   -0.0000000000023795   0.0000000000000365   0.0000000000042183   
 1.5000000000000000   -0.8816575745426497   0.5411759071426751   -0.0000000011990851   0.0000000000837649   -0.0000000037939202   0.0000000032519006   -0.0000000002276036   0.0000000074629344   0.0868270880458498   -0.0000000012018624   0.0000000000837577   -0.0000000038052544   0.0000000000027773   0.0000000000000072   0.0000000000113342   
 2.0000000000000000   -0.6729876418411163   0.3210313385088850   -0.0000000003680070   0.0000000000316062   -0.0000000016142314   0.0000000007645525   -0.0000000000414570   0.0000000024097312   0.0830777219721090   -0.0000000003708116   0.0000000000316279   -0.0000000016239874   0.0000000000028046   -0.0000000000000217   0.0000000000097560   
 2.5000000000000000   -0.5428920832699093   0.2106850864618827   -0.0000000001432777   0.0000000000200129   -0.0000000008279863   0.0000000002480349   -0.0000000000122477   0.0000000009922599   0.0812764991392750   -0.0000000001459529   0.0000000000200578   -0.0000000008364768   0.0000000000026752   -0.0000000000000448   0.0000000000084905   
 3.0000000000000000   -0.4544815226291186   0.1483381273305306   -0.0000000000632593   0.0000000000160335   -0.0000000004794837   0.0000000000990512   -0.0000000000050859   0.0000000004787058   0.0802739030349191   -0.0000000000658165   0.0000000000160965   -0.0000000004871122   0.0000000000025572   -0.0000000000000630   0.0000000000076285   
 3.5000000000000000   -0.3906353362021430   0.1098964719185163   -0.0000000000291093   0.0000000000141845   -0.0000000003023333   0.0000000000457473   -0.0000000000026862   0.0000000002580302   0.0796571453443529   -0.0000000000315681   0.0000000000142619   -0.0000000003093553   0.0000000000024588   -0.0000000000000775   0.0000000000070220   
 4.0000000000000000   -0.3424219619178762   0.0845976960071038   -0.0000000000125289   0.0000000000131269   -0.0000000002030593   0.0000000000235354   -0.0000000000016708   0.0000000001509375   0.0792494515387987   -0.0000000000149062   0.0000000000132160   -0.0000000002096358   0.0000000000023773   -0.0000000000000891   0.0000000000065765   
 4.5000000000000000   -0.3047514368133371   0.0670923170458638   -0.0000000000036586   0.0000000000124326   -0.0000000001432171   0.0000000000131640   -0.0000000000011579   0.0000000000940107   0.0789649901533101   -0.0000000000059678   0.0000000000125312   -0.0000000001494540   0.0000000000023092   -0.0000000000000986   0.0000000000062369   
 5.0000000000000000   -0.2745188679688009   0.0544899951883985   0.0000000000014622   0.0000000000119337   -0.0000000001050441   0.0000000000078735   -0.0000000000008620   0.0000000000615334   0.0787579939864731   -0.0000000000007894   0.0000000000120402   -0.0000000001110143   0.0000000000022516   -0.0000000000001065   0.0000000000059702   
 5.5000000000000000   -0.2497258288706925   0.0451220670301088   0.0000000000046064   0.0000000000115530   -0.0000000000795684   0.0000000000049766   -0.0000000000006738   0.0000000000419284   0.0786022250555641   0.0000000000024040   0.0000000000116662   -0.0000000000853239   0.0000000000022024   -0.0000000000001132   0.0000000000057555   
 6.0000000000000000   -0.2290291207485363   0.0379720447655884   0.0000000000066383   0.0000000000112501   -0.0000000000619278   0.0000000000032953   -0.0000000000005450   0.0000000000295350   0.0784817480996420   0.0000000000044784   0.0000000000113691   -0.0000000000675068   0.0000000000021599   -0.0000000000001190   0.0000000000055791   
 6.5000000000000000   -0.2114931848673697   0.0323926923411417   0.0000000000080097   0.0000000000110020   -0.0000000000493317   0.0000000000022706   -0.0000000000004522   0.0000000000213938   0.0783864193409193   0.0000000000058867   0.0000000000111259   -0.0000000000547634   0.0000000000021230   -0.0000000000001239   0.0000000000054317   
 7.0000000000000000   -0.1964466665224633   0.0279563159815056   0.0000000000089705   0.0000000000107942   -0.0000000000401015   0.0000000000016196   -0.0000000000003824   0.0000000000158694   0.0783095246675487   0.0000000000068800   0.0000000000109224   -0.0000000000454082   0.0000000000020905   -0.0000000000001282   0.0000000000053068   
 7.5000000000000000   -0.1833954570602727   0.0243712486602529   0.0000000000096660   0.0000000000106170   -0.0000000000331859   0.0000000000011908   -0.0000000000003284   0.0000000000120152   0.0782464713270386   0.0000000000076042   0.0000000000107490   -0.0000000000383855   0.0000000000020618   -0.0000000000001320   0.0000000000051996   
 8.0000000000000000   -0.1719679076724024   0.0214331262208343   0.0000000000101840   0.0000000000104639   -0.0000000000279041   0.0000000000008993   -0.0000000000002855   0.0000000000092607   0.0781940280229634   0.0000000000081478   0.0000000000105993   -0.0000000000330108   0.0000000000020362   -0.0000000000001354   0.0000000000051066   
 8.5000000000000000   -0.1618791541788970   0.0189953469512920   0.0000000000105798   0.0000000000103302   -0.0000000000238018   0.0000000000006955   -0.0000000000002507   0.0000000000072504   0.0781498653540981   0.0000000000085665   0.0000000000104685   -0.0000000000288271   0.0000000000020133   -0.0000000000001384   0.0000000000050253   
 9.0000000000000000   -0.1529072120096072   0.0169505543229244   0.0000000000108891   0.0000000000102122   -0.0000000000205682   0.0000000000005495   -0.0000000000002221   0.0000000000057556   0.0781122680432220   0.0000000000088964   0.0000000000103532   -0.0000000000255217   0.0000000000019927   -0.0000000000001411   0.0000000000049535   
 9.5000000000000000   -0.1448765518942592   0.0152186856381492   0.0000000000111358   0.0000000000101072   -0.0000000000179857   0.0000000000004425   -0.0000000000001983   0.0000000000046258   0.0780799491891804   0.0000000000091618   0.0000000000102507   -0.0000000000228754   0.0000000000019740   -0.0000000000001435   0.0000000000048897   
 10.0000000000000000   -0.1376465631550909   0.0137390570720786   0.0000000000113361   0.0000000000100133   -0.0000000000158987   0.0000000000003625   -0.0000000000001782   0.0000000000037592   0.0780519271322905   0.0000000000093791   0.0000000000101590   -0.0000000000207313   0.0000000000019571   -0.0000000000001457   0.0000000000048326   
 15.0000000000000000   -0.0918114685255805   0.0061157932804962   0.0000000000122534   0.0000000000094262   -0.0000000000071585   0.0000000000000929   -0.0000000000000775   0.0000000000007241   0.0778977799854833   0.0000000000104079   0.0000000000095863   -0.0000000000116375   0.0000000000018456   -0.0000000000001601   0.0000000000044790   
 20.0000000000000000   -0.0688707406510900   0.0034419926571793   0.0000000000125692   0.0000000000091366   -0.0000000000050910   0.0000000000000434   -0.0000000000000433   0.0000000000002219   0.0778357237217412   0.0000000000107819   0.0000000000093040   -0.0000000000093984   0.0000000000017873   -0.0000000000001675   0.0000000000043074   
 25.0000000000000000   -0.0551010032386084   0.0022034194397056   0.0000000000127362   0.0000000000089637   -0.0000000000043808   0.0000000000000258   -0.0000000000000276   0.0000000000000873   0.0778032603288626   0.0000000000109847   0.0000000000091357   -0.0000000000085870   0.0000000000017515   -0.0000000000001720   0.0000000000042062   
 30.0000000000000000   -0.0459194609863367   0.0015303551366278   0.0000000000128421   0.0000000000088488   -0.0000000000040808   0.0000000000000174   -0.0000000000000191   0.0000000000000400   0.0777835967850388   0.0000000000111148   0.0000000000090239   -0.0000000000082203   0.0000000000017273   -0.0000000000001751   0.0000000000041394   
 35.0000000000000000   -0.0393605302536225   0.0011244312421144   0.0000000000129160   0.0000000000087669   -0.0000000000039366   0.0000000000000126   -0.0000000000000140   0.0000000000000203   0.0777705176106391   0.0000000000112061   0.0000000000089442   -0.0000000000080288   0.0000000000017098   -0.0000000000001773   0.0000000000040921   
 40.0000000000000000   -0.0344410162198378   0.0008609361824390   0.0000000000129708   0.0000000000087056   -0.0000000000038612   0.0000000000000096   -0.0000000000000107   0.0000000000000110   0.0777612354621703   0.0000000000112742   0.0000000000088845   -0.0000000000079180   0.0000000000016967   -0.0000000000001789   0.0000000000040568   
 45.0000000000000000   -0.0306145663237516   0.0006802691394779   0.0000000000130132   0.0000000000086579   -0.0000000000038193   0.0000000000000075   -0.0000000000000085   0.0000000000000062   0.0777543279246056   0.0000000000113269   0.0000000000088381   -0.0000000000078488   0.0000000000016864   -0.0000000000001802   0.0000000000040295   
 50.0000000000000000   -0.0275533175103911   0.0005510313071816   0.0000000000130470   0.0000000000086198   -0.0000000000037953   0.0000000000000061   -0.0000000000000069   0.0000000000000036   0.0777489981406253   0.0000000000113690   0.0000000000088010   -0.0000000000078030   0.0000000000016781   -0.0000000000001813   0.0000000000040077   
 55.0000000000000000   -0.0250486072757450   0.0004554058018351   0.0000000000130747   0.0000000000085886   -0.0000000000037811   0.0000000000000050   -0.0000000000000057   0.0000000000000021   0.0777447670204330   0.0000000000114034   0.0000000000087707   -0.0000000000077711   0.0000000000016713   -0.0000000000001821   0.0000000000039900   
 60.0000000000000000   -0.0229613166492466   0.0003826724364224   0.0000000000130977   0.0000000000085627   -0.0000000000037729   0.0000000000000042   -0.0000000000000048   0.0000000000000012   0.0777413301176516   0.0000000000114321   0.0000000000087455   -0.0000000000077481   0.0000000000016656   -0.0000000000001828   0.0000000000039752   
 65.0000000000000000   -0.0211951270675583   0.0003260673982753   0.0000000000131171   0.0000000000085407   -0.0000000000037682   0.0000000000000036   -0.0000000000000041   0.0000000000000007   0.0777384851400589   0.0000000000114564   0.0000000000087241   -0.0000000000077308   0.0000000000016608   -0.0000000000001834   0.0000000000039627   
 70.0000000000000000   -0.0196812366166828   0.0002811521841345   0.0000000000131338   0.0000000000085219   -0.0000000000037656   0.0000000000000031   -0.0000000000000035   0.0000000000000003   0.0777360926482179   0.0000000000114772   0.0000000000087058   -0.0000000000077176   0.0000000000016566   -0.0000000000001839   0.0000000000039520   
 75.0000000000000000   -0.0183691888876795   0.0002449163392019   0.0000000000131483   0.0000000000085056   -0.0000000000037645   0.0000000000000027   -0.0000000000000030   0.0000000000000001   0.0777340535286676   0.0000000000114952   0.0000000000086900   -0.0000000000077073   0.0000000000016530   -0.0000000000001844   0.0000000000039428   
 80.0000000000000000   -0.0172211405826295   0.0002152595987106   0.0000000000131609   0.0000000000084913   -0.0000000000037643   0.0000000000000024   -0.0000000000000027   -0.0000000000000000   0.0777322954697426   0.0000000000115110   0.0000000000086761   -0.0000000000076989   0.0000000000016499   -0.0000000000001848   0.0000000000039347   
 85.0000000000000000   -0.0162081521000679   0.0001906805770115   0.0000000000131721   0.0000000000084788   -0.0000000000037646   0.0000000000000021   -0.0000000000000024   -0.0000000000000001   0.0777307645175479   0.0000000000115250   0.0000000000086639   -0.0000000000076922   0.0000000000016471   -0.0000000000001851   0.0000000000039276   
 90.0000000000000000   -0.0153077144751988   0.0001700829514027   0.0000000000131820   0.0000000000084676   -0.0000000000037653   0.0000000000000019   -0.0000000000000021   -0.0000000000000002   0.0777294196235682   0.0000000000115374   0.0000000000086530   -0.0000000000076865   0.0000000000016446   -0.0000000000001854   0.0000000000039213   
 95.0000000000000000   -0.0145020572213977   0.0001526510643920   0.0000000000131909   0.0000000000084576   -0.0000000000037662   0.0000000000000017   -0.0000000000000019   -0.0000000000000002   0.0777282290198624   0.0000000000115485   0.0000000000086433   -0.0000000000076818   0.0000000000016424   -0.0000000000001857   0.0000000000039156   
 100.0000000000000000   -0.0137769637817792   0.0001377679177567   0.0000000000131989   0.0000000000084486   -0.0000000000037673   0.0000000000000015   -0.0000000000000017   -0.0000000000000002   0.0777271677469728   0.0000000000115585   0.0000000000086346   -0.0000000000076778   0.0000000000016404   -0.0000000000001860   0.0000000000039105   
