 0.0001000000000000   -10.0119658882000007   0.0000000000000000   -0.0044826500000000   0.0015318150000000   -0.0063287550000000   -0.0000000006938894   0.0000000000000000   0.0000000000000000   1.9553090900000001   -0.0043547250000000   0.0015318150000000   -0.0061446700000000   -0.0001279250000000   0.0000000000000000   -0.0001840850000000   
 0.0001500000000000   -10.0119658882000007   0.0000000000000000   -0.0044826500000000   0.0015318150000000   -0.0063287550000000   -0.0000000003083953   0.0000000000000000   0.0000000000000000   1.9553090900000001   -0.0043547250000000   0.0015318150000000   -0.0061446700000000   -0.0001279250000000   0.0000000000000000   -0.0001840850000000   
 0.0002000000000000   -10.0119658882000007   0.0000000000000000   -0.0044826500000000   0.0015318150000000   -0.0063287550000000   -0.0000000001734723   0.0000000000000000   0.0000000000000000   1.9553090900000001   -0.0043547250000000   0.0015318150000000   -0.0061446700000000   -0.0001279250000000   0.0000000000000000   -0.0001840850000000   
 0.0002500000000000   -10.0119658882000007   0.0000000000000000   -0.0044826500000000   0.0015318150000000   -0.0063287550000000   -0.0000000001110223   0.0000000000000000   0.0000000000000000   1.9553090900000001   -0.0043547250000000   0.0015318150000000   -0.0061446700000000   -0.0001279250000000   0.0000000000000000   -0.0001840850000000   
 0.0003000000000000   -10.0119658882000007   0.0000000000000000   -0.0044826500000000   0.0015318150000000   -0.0063287550000000   -0.0000000000770988   0.0000000000000000   0.0000000000000000   1.9553090900000001   -0.0043547250000000   0.0015318150000000   -0.0061446700000000   -0.0001279250000000   0.0000000000000000   -0.0001840850000000   
 0.0003500000000000   -10.0119658882000007   0.0000000000000000   -0.0044826500000000   0.0015318150000000   -0.0063287550000000   -0.0000000000566440   0.0000000000000000   0.0000000000000000   1.9553090900000001   -0.0043547250000000   0.0015318150000000   -0.0061446700000000   -0.0001279250000000   0.0000000000000000   -0.0001840850000000   
 0.0004000000000000   -10.0119658882000007   0.0000000000000000   -0.0044826500000000   0.0015318150000000   -0.0063287550000000   -0.0000000000433681   0.0000000000000000   0.0000000000000000   1.9553090900000001   -0.0043547250000000   0.0015318150000000   -0.0061446700000000   -0.0001279250000000   0.0000000000000000   -0.0001840850000000   
 0.0004500000000000   -10.0119658882000007   0.0000000000000000   -0.0044826500000000   0.0015318150000000   -0.0063287550000000   -0.0000000000342661   0.0000000000000000   0.0000000000000000   1.9553090900000001   -0.0043547250000000   0.0015318150000000   -0.0061446700000000   -0.0001279250000000   0.0000000000000000   -0.0001840850000000   
 0.0005000000000000   -10.0119658882000007   0.0000000000000000   -0.0044826500000000   0.0015318150000000   -0.0063287550000000   -0.0000000000277556   0.0000000000000000   0.0000000000000000   1.9553090900000001   -0.0043547250000000   0.0015318150000000   -0.0061446700000000   -0.0001279250000000   0.0000000000000000   -0.0001840850000000   
 0.0005500000000000   -10.0119658882000007   0.0000000000000000   -0.0044826500000000   0.0015318150000000   -0.0063287550000000   -0.0000000000229385   0.0000000000000000   0.0000000000000000   1.9553090900000001   -0.0043547250000000   0.0015318150000000   -0.0061446700000000   -0.0001279250000000   0.0000000000000000   -0.0001840850000000   
 0.0006000000000000   -10.0119658882000007   0.0000000000000000   -0.0044826500000000   0.0015318150000000   -0.0063287550000000   -0.0000000000192747   0.0000000000000000   0.0000000000000000   1.9553090900000001   -0.0043547250000000   0.0015318150000000   -0.0061446700000000   -0.0001279250000000   0.0000000000000000   -0.0001840850000000   
 0.0006500000000000   -10.0119658882000007   0.0000000000000000   -0.0044826500000000   0.0015318150000000   -0.0063287550000000   -0.0000000000164234   0.0000000000000000   0.0000000000000000   1.9553090900000001   -0.0043547250000000   0.0015318150000000   -0.0061446700000000   -0.0001279250000000   0.0000000000000000   -0.0001840850000000   
 0.0007000000000000   -10.0119658882000007   0.0000000000000000   -0.0044826500000000   0.0015318150000000   -0.0063287550000000   -0.0000000000141610   0.0000000000000000   0.0000000000000000   1.9553090900000001   -0.0043547250000000   0.0015318150000000   -0.0061446700000000   -0.0001279250000000   0.0000000000000000   -0.0001840850000000   
 0.0007500000000000   -10.0119658882000007   0.0000000000000000   -0.0044826500000000   0.0015318150000000   -0.0063287550000000   -0.0000000000123358   0.0000000000000000   0.0000000000000000   1.9553090900000001   -0.0043547250000000   0.0015318150000000   -0.0061446700000000   -0.0001279250000000   0.0000000000000000   -0.0001840850000000   
 0.0008000000000000   -10.0119658882000007   0.0000000000000000   -0.0044826500000000   0.0015318150000000   -0.0063287550000000   -0.0000000000108420   0.0000000000000000   0.0000000000000000   1.9553090900000001   -0.0043547250000000   0.0015318150000000   -0.0061446700000000   -0.0001279250000000   0.0000000000000000   -0.0001840850000000   
 0.0008500000000000   -10.0119658882000007   0.0000000000000000   -0.0044826500000000   0.0015318150000000   -0.0063287550000000   -0.0000000000096040   0.0000000000000000   0.0000000000000000   1.9553090900000001   -0.0043547250000000   0.0015318150000000   -0.0061446700000000   -0.0001279250000000   0.0000000000000000   -0.0001840850000000   
 0.0009000000000000   -10.0119658882000007   0.0000000000000000   -0.0044826500000000   0.0015318150000000   -0.0063287550000000   -0.0000000000085665   0.0000000000000000   0.0000000000000000   1.9553090900000001   -0.0043547250000000   0.0015318150000000   -0.0061446700000000   -0.0001279250000000   0.0000000000000000   -0.0001840850000000   
 0.0009500000000000   -10.0119658882000007   0.0000000000000000   -0.0044826500000000   0.0015318150000000   -0.0063287550000000   -0.0000000000076885   0.0000000000000000   0.0000000000000000   1.9553090900000001   -0.0043547250000000   0.0015318150000000   -0.0061446700000000   -0.0001279250000000   0.0000000000000000   -0.0001840850000000   
 0.0010000000000000   -10.0119658882000007   0.0000000000000000   -0.0044826500000000   0.0015318150000000   -0.0063287550000000   -0.0000000000069389   0.0000000000000000   0.0000000000000000   1.9553090900000001   -0.0043547250000000   0.0015318150000000   -0.0061446700000000   -0.0001279250000000   0.0000000000000000   -0.0001840850000000   
 0.0015000000000000   -10.0119658882000007   0.0000000000000000   -0.0044826500000000   0.0015318150000000   -0.0063287550000000   -0.0000000000030840   0.0000000000000000   0.0000000000000000   1.9553090900000001   -0.0043547250000000   0.0015318150000000   -0.0061446700000000   -0.0001279250000000   0.0000000000000000   -0.0001840850000000   
 0.0020000000000000   -10.0119658882000007   0.0000000000000000   -0.0044826500000000   0.0015318150000000   -0.0063287550000000   -0.0000000000017347   0.0000000000000000   0.0000000000000000   1.9553090900000001   -0.0043547250000000   0.0015318150000000   -0.0061446700000000   -0.0001279250000000   0.0000000000000000   -0.0001840850000000   
 0.0025000000000000   -10.0119658882000007   0.0000000000000000   -0.0044826500000000   0.0015318150000000   -0.0063287550000000   -0.0000000000011102   0.0000000000000000   0.0000000000000000   1.9553090900000001   -0.0043547250000000   0.0015318150000000   -0.0061446700000000   -0.0001279250000000   0.0000000000000000   -0.0001840850000000   
 0.0030000000000000   -10.0119658882000007   0.0000000000000000   -0.0044826500000000   0.0015318150000000   -0.0063287550000000   -0.0000000000007710   0.0000000000000000   0.0000000000000000   1.9553090900000001   -0.0043547250000000   0.0015318150000000   -0.0061446700000000   -0.0001279250000000   0.0000000000000000   -0.0001840850000000   
 0.0035000000000000   -10.0119658882000007   0.0000000000000000   -0.0044826500000000   0.0015318150000000   -0.0063287550000000   -0.0000000000005664   0.0000000000000000   0.0000000000000000   1.9553090900000001   -0.0043547250000000   0.0015318150000000   -0.0061446700000000   -0.0001279250000000   0.0000000000000000   -0.0001840850000000   
 0.0040000000000000   -10.0119658882000007   0.0000000000000000   -0.0044826500000000   0.0015318150000000   -0.0063287550000000   -0.0000000000004337   0.0000000000000000   0.0000000000000000   1.9553090900000001   -0.0043547250000000   0.0015318150000000   -0.0061446700000000   -0.0001279250000000   0.0000000000000000   -0.0001840850000000   
 0.0045000000000000   -10.0119658882000007   0.0000000000000000   -0.0044826500000000   0.0015318150000000   -0.0063287550000000   -0.0000000000003427   0.0000000000000000   0.0000000000000000   1.9553090900000001   -0.0043547250000000   0.0015318150000000   -0.0061446700000000   -0.0001279250000000   0.0000000000000000   -0.0001840850000000   
 0.0050000000000000   -10.0119658882000007   0.0000000000000000   -0.0044826500000000   0.0015318150000000   -0.0063287550000000   -0.0000000000002776   0.0000000000000000   0.0000000000000000   1.9553090900000001   -0.0043547250000000   0.0015318150000000   -0.0061446700000000   -0.0001279250000000   0.0000000000000000   -0.0001840850000000   
 0.0055000000000000   -10.0119658882000007   0.0000000000000000   -0.0044826500000000   0.0015318150000000   -0.0063287550000000   -0.0000000000002294   0.0000000000000000   0.0000000000000000   1.9553090900000001   -0.0043547250000000   0.0015318150000000   -0.0061446700000000   -0.0001279250000000   0.0000000000000000   -0.0001840850000000   
 0.0060000000000000   -10.0119658882000007   0.0000000000000000   -0.0044826500000000   0.0015318150000000   -0.0063287550000000   -0.0000000000001927   0.0000000000000000   0.0000000000000000   1.9553090900000001   -0.0043547250000000   0.0015318150000000   -0.0061446700000000   -0.0001279250000000   0.0000000000000000   -0.0001840850000000   
 0.0065000000000000   -10.0119658882000007   0.0000000000000000   -0.0044826500000000   0.0015318150000000   -0.0063287550000000   -0.0000000000001642   0.0000000000000000   0.0000000000000000   1.9553090900000001   -0.0043547250000000   0.0015318150000000   -0.0061446700000000   -0.0001279250000000   0.0000000000000000   -0.0001840850000000   
 0.0070000000000000   -10.0119658882000007   0.0000000000000000   -0.0044826500000000   0.0015318150000000   -0.0063287550000000   -0.0000000000001416   0.0000000000000000   0.0000000000000000   1.9553090900000001   -0.0043547250000000   0.0015318150000000   -0.0061446700000000   -0.0001279250000000   0.0000000000000000   -0.0001840850000000   
 0.0075000000000000   -10.0119658882000007   0.0000000000000000   -0.0044826500000000   0.0015318150000000   -0.0063287550000000   -0.0000000000001234   0.0000000000000000   0.0000000000000000   1.9553090900000001   -0.0043547250000000   0.0015318150000000   -0.0061446700000000   -0.0001279250000000   0.0000000000000000   -0.0001840850000000   
 0.0080000000000000   -10.0119658882000007   0.0000000000000000   -0.0044826500000000   0.0015318150000000   -0.0063287550000000   -0.0000000000001084   0.0000000000000000   0.0000000000000000   1.9553090900000001   -0.0043547250000000   0.0015318150000000   -0.0061446700000000   -0.0001279250000000   0.0000000000000000   -0.0001840850000000   
 0.0085000000000000   -10.0119658882000007   0.0000000000000000   -0.0044826500000000   0.0015318150000000   -0.0063287550000000   -0.0000000000000960   0.0000000000000000   0.0000000000000000   1.9553090900000001   -0.0043547250000000   0.0015318150000000   -0.0061446700000000   -0.0001279250000000   0.0000000000000000   -0.0001840850000000   
 0.0090000000000000   -10.0119658882000007   0.0000000000000000   -0.0044826500000000   0.0015318150000000   -0.0063287550000000   -0.0000000000000857   0.0000000000000000   0.0000000000000000   1.9553090900000001   -0.0043547250000000   0.0015318150000000   -0.0061446700000000   -0.0001279250000000   0.0000000000000000   -0.0001840850000000   
 0.0095000000000000   -10.0119658882000007   0.0000000000000000   -0.0044826500000000   0.0015318150000000   -0.0063287550000000   -0.0000000000000769   0.0000000000000000   0.0000000000000000   1.9553090900000001   -0.0043547250000000   0.0015318150000000   -0.0061446700000000   -0.0001279250000000   0.0000000000000000   -0.0001840850000000   
 0.0100000000000000   -10.0119658882000007   0.0000000000000000   -0.0044826500000000   0.0015318150000000   -0.0063287550000000   -0.0000000000000694   0.0000000000000000   0.0000000000000000   1.9553090900000001   -0.0043547250000000   0.0015318150000000   -0.0061446700000000   -0.0001279250000000   0.0000000000000000   -0.0001840850000000   
 0.0150000000000000   -10.0119658882000007   0.0000000000000000   -0.0044826500000000   0.0015318150000000   -0.0063287550000000   -0.0000000000000308   0.0000000000000000   0.0000000000000000   1.9553090900000001   -0.0043547250000000   0.0015318150000000   -0.0061446700000000   -0.0001279250000000   0.0000000000000000   -0.0001840850000000   
 0.0200000000000000   -10.0119658882000007   0.0000000000000000   -0.0044826500000000   0.0015318150000000   -0.0063287550000000   -0.0000000000000173   0.0000000000000000   0.0000000000000000   1.9553090900000001   -0.0043547250000000   0.0015318150000000   -0.0061446700000000   -0.0001279250000000   0.0000000000000000   -0.0001840850000000   
 0.0250000000000000   -10.0119658881999989   0.0000000000682121   -0.0044826500000000   0.0015318150000000   -0.0063287550000000   -0.0000000000000111   -0.0000000000000028   0.0000000000000222   1.9553090900000003   -0.0043547250000000   0.0015318150000000   -0.0061446700000000   -0.0001279250000000   0.0000000000000000   -0.0001840850000000   
 0.0300000000000000   -10.0119658881998124   0.0000000001894781   -0.0044826499999995   0.0015318150000001   -0.0063287549999996   0.0000000000004318   0.0000000000000829   0.0000000000004163   1.9553090899999452   -0.0043547249999996   0.0015318150000001   -0.0061446699999996   -0.0001279250000000   0.0000000000000000   -0.0001840849999999   
 0.0350000000000000   -10.0119658881866300   0.0000000097909889   -0.0044826499999667   0.0015318150000030   -0.0063287549999714   0.0000000000245382   0.0000000000015421   0.0000000000205505   1.9553090899961483   -0.0043547249999692   0.0015318150000030   -0.0061446699999758   -0.0001279249999976   0.0000000000000000   -0.0001840849999957   
 0.0400000000000000   -10.0119658878706908   0.0000001850164466   -0.0044826499991526   0.0015318149999978   -0.0063287549993327   0.0000000004814768   -0.0000000000154065   0.0000000003686027   1.9553090899054011   -0.0043547249992082   0.0015318149999978   -0.0061446699994165   -0.0001279249999444   0.0000000000000000   -0.0001840849999162   
 0.0450000000000000   -10.0119658841807428   0.0000017916694740   -0.0044826499893435   0.0015318149991732   -0.0063287549921895   0.0000000048101817   -0.0000000005161758   0.0000000034248393   1.9553090888488118   -0.0043547249899750   0.0015318149991732   -0.0061446699930144   -0.0001279249993685   0.0000000000000000   -0.0001840849991751   
 0.0500000000000000   -10.0119658581938218   0.0000108840652047   -0.0044826499182998   0.0015318149887379   -0.0063287549434588   0.0000000300454633   -0.0000000050228967   0.0000000202230011   1.9553090814329062   -0.0043547249227013   0.0015318149887379   -0.0061446699485841   -0.0001279249955984   0.0000000000000000   -0.0001840849948747   
 0.0550000000000000   -10.0119657315382984   0.0000471975087846   -0.0044826495631673   0.0015318149186088   -0.0063287547106478   0.0000001335740081   -0.0000000286803048   0.0000000863107198   1.9553090454238629   -0.0043547245847928   0.0015318149186088   -0.0061446697337635   -0.0001279249783745   0.0000000000000000   -0.0001840849768843   
 0.0600000000000000   -10.0119652627574389   0.0001591796127008   -0.0044826482183756   0.0015318145984709   -0.0063287538565890   0.0000004606384622   -0.0000001162892410   0.0000002896693687   1.9553089126870717   -0.0043547233004890   0.0015318145984709   -0.0061446689395278   -0.0001279249178866   0.0000000000000000   -0.0001840849170612   
 0.0650000000000000   -10.0119638571206568   0.0004429573026588   -0.0044826441025948   0.0015318134849420   -0.0063287512943368   0.0000013074639826   -0.0000003692773052   0.0000008092895913   1.9553085164126496   -0.0043547193592747   0.0015318134849420   -0.0061446665457157   -0.0001279247433201   0.0000000000000000   -0.0001840847486211   
 0.0700000000000000   -10.0119602810895714   0.0010606573788877   -0.0044826334394896   0.0015318103226607   -0.0063287447243082   0.0000031857651593   -0.0000009758663078   0.0000019583592203   1.9553075129253648   -0.0043547091299089   0.0015318103226607   -0.0061446603934615   -0.0001279243095808   0.0000000000000000   -0.0001840843308467   
 0.0750000000000000   -10.0119522969848322   0.0022533087859402   -0.0044826092485868   0.0015318026438888   -0.0063287298627479   0.0000068714880810   -0.0000022361093656   0.0000042228928823   1.9553052832950313   -0.0043546858976811   0.0015318026438888   -0.0061446464672618   -0.0001279233509057   0.0000000000000000   -0.0001840833954862   
 0.0800000000000000   -10.0119362536504877   0.0043452146880618   -0.0044825599608847   0.0015317861711568   -0.0063286995085724   0.0000134245482764   -0.0000045747226572   0.0000082863083994   1.9553008254146442   -0.0043546385390615   0.0015317861711568   -0.0061446180337333   -0.0001279214218232   0.0000000000000000   -0.0001840814748391   
 0.0850000000000000   -10.0119066786956914   0.0077390039291694   -0.0044824680216259   0.0015317541942526   -0.0063286425375952   0.0000241739925837   -0.0000085382953769   0.0000150331008157   1.9552926494831824   -0.0043545501932455   0.0015317541942526   -0.0061445647211888   -0.0001279178283803   0.0000000000000000   -0.0001840778164064   
 0.0900000000000000   -10.0118559166054393   0.0129025556237526   -0.0044823086504218   0.0015316969998150   -0.0063285429365094   0.0000406708243018   -0.0000147774083854   0.0000255292906876   1.9552786889271550   -0.0043543970953152   0.0015316969998150   -0.0061444716434259   -0.0001279115551066   0.0000000000000000   -0.0001840712930836   
 0.0950000000000000   -10.0117738477388887   0.0203501685309121   -0.0044820489025244   0.0015316014214281   -0.0063283789885926   0.0000646163379582   -0.0000240170332662   0.0000409820256263   1.9552562357536318   -0.0043541477075334   0.0015316014214281   -0.0061443186688229   -0.0001279011949910   0.0000000000000000   -0.0001840603197697   
 0.1000000000000000   -10.0116477101316832   0.0306207236803857   -0.0044816471279687   0.0015314505573168   -0.0063281227018049   0.0000977764562510   -0.0000370199127783   0.0000626841900553   1.9552219054068396   -0.0043537622377250   0.0015314505573168   -0.0061440799151411   -0.0001278848902437   0.0000000000000000   -0.0001840427866639   
 0.1500000000000000   -10.0034085505190653   0.3876138439832427   -0.0044553344200496   0.0015208227120941   -0.0063101359231753   0.0012233835850167   -0.0005030070136592   0.0008577100743725   1.9530596652816303   -0.0043286840523385   0.0015208227120941   -0.0061274705818840   -0.0001266503677111   0.0000000000000000   -0.0001826653412913   
 0.2000000000000000   -9.9634058639272549   1.2954491163451820   -0.0043348658354930   0.0014705384547203   -0.0062224199160145   0.0037500046452281   -0.0015754579910336   0.0028003207184706   1.9429902551454290   -0.0042144913972322   0.0014705384547203   -0.0060467867725138   -0.0001203744382609   0.0000000000000000   -0.0001756331435007   
 0.2500000000000000   -9.8681486169076038   2.5444032736495501   -0.0040770257619095   0.0013620911959799   -0.0060229550014574   0.0064880410564110   -0.0027242246927748   0.0051759034439685   1.9199202776572315   -0.0039702935600095   0.0013620911959799   -0.0058628849269784   -0.0001067322018999   0.0000000000000000   -0.0001600700744789   
 0.3000000000000000   -9.7084352787096950   3.8292542677799202   -0.0037005203021510   0.0012051130629810   -0.0057104919931863   0.0083872001176521   -0.0034669538333287   0.0072270920760123   1.8825594219159441   -0.0036126724826230   0.0012051130629810   -0.0055728522080410   -0.0000878478195280   0.0000000000000000   -0.0001376397851453   
 0.3500000000000000   -9.4880866332952554   4.9461919456959720   -0.0032573536399789   0.0010242844463954   -0.0053116747864862   0.0091596506429654   -0.0036842361709762   0.0086030701518167   1.8325739808915260   -0.0031895628503615   0.0010242844463954   -0.0051992774081010   -0.0000677907896174   0.0000000000000000   -0.0001123973783852   
 0.4000000000000000   -9.2181712587437694   5.8043180110311177   -0.0028000474598713   0.0008435228945180   -0.0048621244738048   0.0090066244733470   -0.0034931728544003   0.0092676592872553   1.7729700545510494   -0.0027502866577671   0.0008435228945179   -0.0047740508228655   -0.0000497608021042   0.0000000000000000   -0.0000880736509393   
 0.4500000000000000   -8.9122413064507988   6.3885685904750398   -0.0023663215877023   0.0006787686493823   -0.0043947800454226   0.0082739057899330   -0.0030726980810818   0.0093413744208286   1.7069748567147176   -0.0023310918330504   0.0006787686493822   -0.0043278638850261   -0.0000352297546519   0.0000000000000000   -0.0000669161603965   
 0.5000000000000000   -8.5834577402188525   6.7247546643345117   -0.0019771723207956   0.0005375824850513   -0.0039350162488704   0.0072668423925130   -0.0025705094245155   0.0089928908286582   1.6374696262898976   -0.0019528328247512   0.0005375824850511   -0.0038852710424923   -0.0000243394960444   0.0000000000000001   -0.0000497452063780   
 0.5500000000000000   -8.2431839621584011   6.8559413215994036   -0.0016406658431492   0.0004215084963250   -0.0034998527691025   0.0061950503954855   -0.0020792959018916   0.0083815429367508   1.5667795409366558   -0.0016241036176958   0.0004215084963246   -0.0034633997057422   -0.0000165622254534   0.0000000000000004   -0.0000364530633603   
 0.6000000000000001   -7.9005031663201359   6.8286147625407505   -0.0013566980232129   0.0003286862210016   -0.0030991081646427   0.0051793077441516   -0.0016450790425867   0.0076341748410603   1.4966545893557708   -0.0013455185107193   0.0003286862210007   -0.0030726211023771   -0.0000111795124937   0.0000000000000009   -0.0000264870622656   
 0.6500000000000000   -7.5622476266577463   6.6855470379076820   -0.0011208255143012   0.0002557833916028   -0.0027371782821336   0.0042768625301486   -0.0012833575459355   0.0068411615349087   1.4283373846453364   -0.0011132997995736   0.0002557833916011   -0.0027180080791427   -0.0000075257147276   0.0000000000000017   -0.0000191702029909   
 0.7000000000000001   -7.2332723487067803   6.4627960382831340   -0.0009268103596863   0.0001991582770042   -0.0024147613448116   0.0035058182005664   -0.0009929334335207   0.0060611832402974   1.3626598385157762   -0.0009217380269327   0.0001991582770014   -0.0024008933447851   -0.0000050723327536   0.0000000000000028   -0.0000138680000265   
 0.7500000000000000   -6.9168141135429639   6.1890499952056137   -0.0007681018533072   0.0001554455909483   -0.0021302588847317   0.0028629714407432   -0.0007651121903668   0.0053287095352897   1.3001391681009569   -0.0007646690896988   0.0001554455909443   -0.0021202054267364   -0.0000034327636084   0.0000000000000040   -0.0000100534579953   
 0.8000000000000000   -6.6148498072874933   5.8861627177693610   -0.0006385942180098   0.0001217863185352   -0.0018808009760064   0.0023351627678073   -0.0005889532439795   0.0046612370572438   1.2410604941954519   -0.0006362568101533   0.0001217863185298   -0.0018734836598562   -0.0000023374078565   0.0000000000000054   -0.0000073173161502   
 0.8500000000000001   -6.3284134283127340   5.5701852846279030   -0.0005329446389281   0.0000958663849236   -0.0016629415663951   0.0019058178012681   -0.0004538778549500   0.0040651606297407   1.1855425829251631   -0.0005313410891283   0.0000958663849169   -0.0016575871836003   -0.0000016035497999   0.0000000000000066   -0.0000053543827948   
 0.8999999999999999   -6.0578576177820853   5.2525081813760570   -0.0004466483684407   0.0000758672538575   -0.0014730993997889   0.0015583738334176   -0.0003507370470004   0.0035400920377478   1.1335878197129137   -0.0004455389804544   0.0000758672538497   -0.0014691566916197   -0.0000011093879863   0.0000000000000078   -0.0000039427081692   
 0.9500000000000001   -5.8030596097870850   4.9409218444185345   -0.0003759930187317   0.0000603855693540   -0.0013078178967514   0.0012778575628944   -0.0002720763611969   0.0030818318660109   1.0851191946497063   -0.0003752185951578   0.0000603855693454   -0.0013048945779569   -0.0000007744235739   0.0000000000000086   -0.0000029233187945   
 1.0000000000000000   -5.5635779800656007   4.6405175453843626   -0.0003179621587630   0.0000483501088413   -0.0011639035962394   0.0010514421146342   -0.0002120312065949   0.0026843083356508   1.0400072775654543   -0.0003174165336235   0.0000483501088320   -0.0011617202708550   -0.0000005456251395   0.0000000000000092   -0.0000021833253844   
 1.5000000000000000   -3.8443016757444757   2.4903073067527970   -0.0000754216056340   0.0000071850103612   -0.0004185882964523   0.0001880124324741   -0.0000236777316195   0.0007526104525565   0.7342177678096333   -0.0000753948695041   0.0000071850103605   -0.0004184125255522   -0.0000000267361300   0.0000000000000007   -0.0000001757709001   
 2.0000000000000000   -2.8861702378916312   1.4654795632187212   -0.0000251042062780   0.0000016855418244   -0.0001882083367206   0.0000488583744152   -0.0000043095072650   0.0002678321821050   0.5862962757134628   -0.0000251015864499   0.0000016855418410   -0.0001881827796860   -0.0000000026198281   -0.0000000000000166   -0.0000000255570346   
 2.5000000000000000   -2.2965453831148253   0.9467783531394941   -0.0000104492310127   0.0000005346875175   -0.0000989158067299   0.0000165414376259   -0.0000011055161741   0.0001152979835961   0.5080342954681314   -0.0000104488254312   0.0000005346875482   -0.0000989102745385   -0.0000000004055815   -0.0000000000000307   -0.0000000055321914   
 3.0000000000000000   -1.9021074561240110   0.6566445083106414   -0.0000050626290401   0.0000002079973887   -0.0000579478233384   0.0000067314328523   -0.0000003594680023   0.0000569676133220   0.4625694844266178   -0.0000050625414567   0.0000002079974295   -0.0000579462525929   -0.0000000000875834   -0.0000000000000407   -0.0000000015707455   
 3.5000000000000000   -1.6212650150807684   0.4802105846114690   -0.0000027336569137   0.0000000935170254   -0.0000367183047558   0.0000031282479667   -0.0000001385451306   0.0000311504919184   0.4340506860301972   -0.0000027336309904   0.0000000935170732   -0.0000367177635032   -0.0000000000259233   -0.0000000000000478   -0.0000000005412525   
 4.0000000000000000   -1.4117168386519621   0.3656543987432014   -0.0000016002809486   0.0000000468085606   -0.0000246783418193   0.0000016059303508   -0.0000000606150667   0.0000183943017913   0.4150431068226794   -0.0000016002697729   0.0000000468086136   -0.0000246781262617   -0.0000000000111757   -0.0000000000000530   -0.0000000002155576   
 4.5000000000000000   -1.2496309314873448   0.2873453968946927   -0.0000009970729143   0.0000000254418338   -0.0000173619353209   0.0000008905170923   -0.0000000292428412   0.0000115330734472   0.4017503043841327   -0.0000009970658373   0.0000000254418906   -0.0000173618391516   -0.0000000000070770   -0.0000000000000568   -0.0000000000961694   
 5.0000000000000000   -1.1206468156665825   0.2315688321673181   -0.0000006527626150   0.0000000147589585   -0.0000126676070648   0.0000005250612314   -0.0000000152441283   0.0000075863689019   0.3920872023875946   -0.0000006527568022   0.0000000147590182   -0.0000126675599258   -0.0000000000058127   -0.0000000000000596   -0.0000000000471390   
 5.5000000000000000   -1.0156285351178997   0.1904923805543396   -0.0000004448850063   0.0000000090249407   -0.0000095207700714   0.0000003254357680   -0.0000000084618500   0.0000051895587997   0.3848368616180988   -0.0000004448796060   0.0000000090250026   -0.0000095207449571   -0.0000000000054003   -0.0000000000000619   -0.0000000000251143   
 6.0000000000000000   -0.9285004395207793   0.1593957068559958   -0.0000003134727899   0.0000000057637141   -0.0000073339191444   0.0000002102318862   -0.0000000049473336   0.0000036674389676   0.3792520846491902   -0.0000003134675207   0.0000000057637778   -0.0000073339046608   -0.0000000000052692   -0.0000000000000637   -0.0000000000144836   
 6.5000000000000000   -0.8550709608092324   0.1353033070516291   -0.0000002271516828   0.0000000038174358   -0.0000057677238458   0.0000001406271332   -0.0000000030213861   0.0000026639269443   0.3748541279240252   -0.0000002271464444   0.0000000038175009   -0.0000057677148003   -0.0000000000052384   -0.0000000000000651   -0.0000000000090455   
 7.0000000000000000   -0.7923578308710129   0.1162671213728987   -0.0000001685792429   0.0000000026077629   -0.0000046170057411   0.0000000969070799   -0.0000000019149327   0.0000019809576796   0.3713249627888762   -0.0000001685739978   0.0000000026078292   -0.0000046169996113   -0.0000000000052451   -0.0000000000000663   -0.0000000000061298   
 7.5000000000000000   -0.7381828561564666   0.1009698719490294   -0.0000001277142461   0.0000000018293471   -0.0000037527944562   0.0000000685155326   -0.0000000012530742   0.0000015032716886   0.3684466789200189   -0.0000001277089797   0.0000000018294143   -0.0000037527899499   -0.0000000000052665   -0.0000000000000673   -0.0000000000045063   
 8.0000000000000000   -0.6909188826401250   0.0884956656579980   -0.0000000985077590   0.0000000013131753   -0.0000030912801133   0.0000000495380845   -0.0000000008430865   0.0000011611469767   0.3660659132168670   -0.0000000985024656   0.0000000013132434   -0.0000030912765379   -0.0000000000052934   -0.0000000000000681   -0.0000000000035753   
 8.5000000000000000   -0.6493263882976651   0.0781920788915211   -0.0000000771887860   0.0000000009618086   -0.0000025764067090   0.0000000365286032   -0.0000000005812515   0.0000009109670685   0.3640721785036413   -0.0000000771834638   0.0000000009618774   -0.0000025764036792   -0.0000000000053222   -0.0000000000000688   -0.0000000000030298   
 9.0000000000000000   -0.6124448242291165   0.0695843892747522   -0.0000000613350105   0.0000000007170428   -0.0000021697235012   0.0000000274092486   -0.0000000004094782   0.0000007246324947   0.3623842241568887   -0.0000000613296593   0.0000000007171121   -0.0000021697207954   -0.0000000000053513   -0.0000000000000694   -0.0000000000027057   
 9.5000000000000000   -0.5795184844638942   0.0623206289694864   -0.0000000493488856   0.0000000005430085   -0.0000018442622513   0.0000000208888613   -0.0000000002940690   0.0000005835647391   0.3609412023029505   -0.0000000493435058   0.0000000005430784   -0.0000018442597389   -0.0000000000053798   -0.0000000000000699   -0.0000000000025124   
 10.0000000000000000   -0.5499447734478690   0.0561354464915816   -0.0000000401518711   0.0000000004169819   -0.0000015807303931   0.0000000161433742   -0.0000000002148596   0.0000004751937487   0.3596967991622662   -0.0000000401464636   0.0000000004170523   -0.0000015807279952   -0.0000000000054075   -0.0000000000000704   -0.0000000000023979   
 15.0000000000000000   -0.3640230711579515   0.0246251017127307   -0.0000000078759787   0.0000000000492662   -0.0000004671800230   0.0000000021071791   -0.0000000000181303   0.0000000936228718   0.3530092133358916   -0.0000000078703494   0.0000000000493392   -0.0000004671776964   -0.0000000000056293   -0.0000000000000729   -0.0000000000023266   
 20.0000000000000000   -0.2720007986581292   0.0137544059656257   -0.0000000024858451   0.0000000000081111   -0.0000001967747256   0.0000000004975060   -0.0000000000031659   0.0000000295667224   0.3504357169632163   -0.0000000024800727   0.0000000000081851   -0.0000001967722993   -0.0000000000057724   -0.0000000000000740   -0.0000000000024262   
 25.0000000000000000   -0.2171030984570998   0.0087642978383819   -0.0000000010193504   -0.0000000000003700   -0.0000001006423352   0.0000000001624805   -0.0000000000008233   0.0000000120944537   0.3491364712722462   -0.0000000010134814   -0.0000000000002954   -0.0000001006398508   -0.0000000000058689   -0.0000000000000746   -0.0000000000024843   
 30.0000000000000000   -0.1806395677401385   0.0060681480388145   -0.0000000004941448   -0.0000000000028314   -0.0000000582000999   0.0000000000651397   -0.0000000000002760   0.0000000058269677   0.3483717976971162   -0.0000000004882071   -0.0000000000027564   -0.0000000581975808   -0.0000000000059377   -0.0000000000000749   -0.0000000000025191   
 35.0000000000000000   -0.1546613283848130   0.0044485773616664   -0.0000000002694971   -0.0000000000037242   -0.0000000366324100   0.0000000000300803   -0.0000000000001106   0.0000000031429671   0.3478751178207352   -0.0000000002635082   -0.0000000000036491   -0.0000000366298684   -0.0000000000059890   -0.0000000000000751   -0.0000000000025416   
 40.0000000000000000   -0.1352147609620641   0.0034003495912225   -0.0000000001606597   -0.0000000000041043   -0.0000000245323756   0.0000000000154033   -0.0000000000000507   0.0000000018413075   0.3475296058883496   -0.0000000001546312   -0.0000000000040290   -0.0000000245298185   -0.0000000000060286   -0.0000000000000753   -0.0000000000025571   
 45.0000000000000000   -0.1201118167330218   0.0026832364517361   -0.0000000001028278   -0.0000000000042872   -0.0000000172259780   0.0000000000085351   -0.0000000000000258   0.0000000011489995   0.3472768356711032   -0.0000000000967678   -0.0000000000042117   -0.0000000172234097   -0.0000000000060600   -0.0000000000000754   -0.0000000000025683   
 50.0000000000000000   -0.1080435070985834   0.0021711682427642   -0.0000000000698283   -0.0000000000043843   -0.0000000125561249   0.0000000000050327   -0.0000000000000144   0.0000000007535801   0.3470846561409470   -0.0000000000637427   -0.0000000000043088   -0.0000000125535481   -0.0000000000060856   -0.0000000000000755   -0.0000000000025768   
 55.0000000000000000   -0.0981787651525371   0.0017928240345911   -0.0000000000499004   -0.0000000000044404   -0.0000000094331845   0.0000000000031204   -0.0000000000000087   0.0000000005145473   0.3469340438672427   -0.0000000000437935   -0.0000000000043648   -0.0000000094306011   -0.0000000000061068   -0.0000000000000756   -0.0000000000025834   
 60.0000000000000000   -0.0899645849695498   0.0015053953280935   -0.0000000000372978   -0.0000000000044752   -0.0000000072661846   0.0000000000020166   -0.0000000000000056   0.0000000003632105   0.3468130827978659   -0.0000000000311731   -0.0000000000043995   -0.0000000072635960   -0.0000000000061247   -0.0000000000000757   -0.0000000000025886   
 65.0000000000000000   -0.0830187103563828   0.0012819265847300   -0.0000000000290166   -0.0000000000044982   -0.0000000057156397   0.0000000000013493   -0.0000000000000038   0.0000000002636414   0.3467139577574607   -0.0000000000228766   -0.0000000000044224   -0.0000000057130469   -0.0000000000061400   -0.0000000000000757   -0.0000000000025929   
 70.0000000000000000   -0.0770684577726253   0.0011047589511117   -0.0000000000233964   -0.0000000000045141   -0.0000000045770472   0.0000000000009299   -0.0000000000000027   0.0000000001959709   0.3466313453505642   -0.0000000000172432   -0.0000000000044383   -0.0000000045744508   -0.0000000000061532   -0.0000000000000758   -0.0000000000025964   
 75.0000000000000000   -0.0719140821997084   0.0009619322804597   -0.0000000000194754   -0.0000000000045258   -0.0000000037222001   0.0000000000006573   -0.0000000000000020   0.0000000001486846   0.3465615025956482   -0.0000000000133107   -0.0000000000044500   -0.0000000037196007   -0.0000000000061646   -0.0000000000000758   -0.0000000000025994   
 80.0000000000000000   -0.0674059191087360   0.0008451127744468   -0.0000000000166739   -0.0000000000045346   -0.0000000030679407   0.0000000000004750   -0.0000000000000016   0.0000000001148384   0.3465017257925040   -0.0000000000104991   -0.0000000000044588   -0.0000000030653388   -0.0000000000061748   -0.0000000000000758   -0.0000000000026019   
 85.0000000000000000   -0.0634296152986859   0.0007483493637292   -0.0000000000146302   -0.0000000000045416   -0.0000000025587233   0.0000000000003500   -0.0000000000000012   0.0000000000900979   0.3464500161140075   -0.0000000000084465   -0.0000000000044657   -0.0000000025561192   -0.0000000000061837   -0.0000000000000759   -0.0000000000026041   
 90.0000000000000000   -0.0598962951611358   0.0006673006308588   -0.0000000000131118   -0.0000000000045472   -0.0000000021564833   0.0000000000002623   -0.0000000000000010   0.0000000000716753   0.3464048657363178   -0.0000000000069201   -0.0000000000044713   -0.0000000021538773   -0.0000000000061917   -0.0000000000000759   -0.0000000000026060   
 95.0000000000000000   -0.0567358397699204   0.0005987392844240   -0.0000000000119653   -0.0000000000045519   -0.0000000018345410   0.0000000000001996   -0.0000000000000009   0.0000000000577297   0.3463651169262031   -0.0000000000057664   -0.0000000000044759   -0.0000000018319334   -0.0000000000061989   -0.0000000000000759   -0.0000000000026076   
 100.0000000000000000   -0.0538921868521398   0.0005402258814241   -0.0000000000110871   -0.0000000000045558   -0.0000000015738192   0.0000000000001540   -0.0000000000000007   0.0000000000470168   0.3463298667446108   -0.0000000000048817   -0.0000000000044799   -0.0000000015712101   -0.0000000000062054   -0.0000000000000759   -0.0000000000026091   
