 0.0001000000000000   -3.3987165633999998   0.0000000000000000   -0.0017227000000000   0.0009338900000000   -0.0000357250000000   -0.0000000000867362   0.0000000000000000   -0.0000000000013553   1.4101886400000001   -0.0012021700000000   0.0009338900000000   -0.0000080250000000   -0.0005205300000000   0.0000000000000000   -0.0000277000000000   
 0.0001500000000000   -3.3987165633999998   0.0000000000000000   -0.0017227000000000   0.0009338900000000   -0.0000357250000000   -0.0000000000385494   0.0000000000000000   -0.0000000000006023   1.4101886400000001   -0.0012021700000000   0.0009338900000000   -0.0000080250000000   -0.0005205300000000   0.0000000000000000   -0.0000277000000000   
 0.0002000000000000   -3.3987165633999998   0.0000000000000000   -0.0017227000000000   0.0009338900000000   -0.0000357250000000   -0.0000000000216840   0.0000000000000000   -0.0000000000003388   1.4101886400000001   -0.0012021700000000   0.0009338900000000   -0.0000080250000000   -0.0005205300000000   0.0000000000000000   -0.0000277000000000   
 0.0002500000000000   -3.3987165633999998   0.0000000000000000   -0.0017227000000000   0.0009338900000000   -0.0000357250000000   -0.0000000000138778   0.0000000000000000   -0.0000000000002168   1.4101886400000001   -0.0012021700000000   0.0009338900000000   -0.0000080250000000   -0.0005205300000000   0.0000000000000000   -0.0000277000000000   
 0.0003000000000000   -3.3987165633999998   0.0000000000000000   -0.0017227000000000   0.0009338900000000   -0.0000357250000000   -0.0000000000096374   0.0000000000000000   -0.0000000000001506   1.4101886400000001   -0.0012021700000000   0.0009338900000000   -0.0000080250000000   -0.0005205300000000   0.0000000000000000   -0.0000277000000000   
 0.0003500000000000   -3.3987165633999998   0.0000000000000000   -0.0017227000000000   0.0009338900000000   -0.0000357250000000   -0.0000000000070805   0.0000000000000000   -0.0000000000001106   1.4101886400000001   -0.0012021700000000   0.0009338900000000   -0.0000080250000000   -0.0005205300000000   0.0000000000000000   -0.0000277000000000   
 0.0004000000000000   -3.3987165633999998   0.0000000000000000   -0.0017227000000000   0.0009338900000000   -0.0000357250000000   -0.0000000000054210   0.0000000000000000   -0.0000000000000847   1.4101886400000001   -0.0012021700000000   0.0009338900000000   -0.0000080250000000   -0.0005205300000000   0.0000000000000000   -0.0000277000000000   
 0.0004500000000000   -3.3987165633999998   0.0000000000000000   -0.0017227000000000   0.0009338900000000   -0.0000357250000000   -0.0000000000042833   0.0000000000000000   -0.0000000000000669   1.4101886400000001   -0.0012021700000000   0.0009338900000000   -0.0000080250000000   -0.0005205300000000   0.0000000000000000   -0.0000277000000000   
 0.0005000000000000   -3.3987165633999998   0.0000000000000000   -0.0017227000000000   0.0009338900000000   -0.0000357250000000   -0.0000000000034694   0.0000000000000000   -0.0000000000000542   1.4101886400000001   -0.0012021700000000   0.0009338900000000   -0.0000080250000000   -0.0005205300000000   0.0000000000000000   -0.0000277000000000   
 0.0005500000000000   -3.3987165633999998   0.0000000000000000   -0.0017227000000000   0.0009338900000000   -0.0000357250000000   -0.0000000000028673   0.0000000000000000   -0.0000000000000448   1.4101886400000001   -0.0012021700000000   0.0009338900000000   -0.0000080250000000   -0.0005205300000000   0.0000000000000000   -0.0000277000000000   
 0.0006000000000000   -3.3987165633999998   0.0000000000000000   -0.0017227000000000   0.0009338900000000   -0.0000357250000000   -0.0000000000024093   0.0000000000000000   -0.0000000000000376   1.4101886400000001   -0.0012021700000000   0.0009338900000000   -0.0000080250000000   -0.0005205300000000   0.0000000000000000   -0.0000277000000000   
 0.0006500000000000   -3.3987165633999998   0.0000000000000000   -0.0017227000000000   0.0009338900000000   -0.0000357250000000   -0.0000000000020529   0.0000000000000000   -0.0000000000000321   1.4101886400000001   -0.0012021700000000   0.0009338900000000   -0.0000080250000000   -0.0005205300000000   0.0000000000000000   -0.0000277000000000   
 0.0007000000000000   -3.3987165633999998   0.0000000000000000   -0.0017227000000000   0.0009338900000000   -0.0000357250000000   -0.0000000000017701   0.0000000000000000   -0.0000000000000277   1.4101886400000001   -0.0012021700000000   0.0009338900000000   -0.0000080250000000   -0.0005205300000000   0.0000000000000000   -0.0000277000000000   
 0.0007500000000000   -3.3987165634000003   -0.0000000031579677   -0.0017227000000000   0.0009338900000000   -0.0000357250000000   -0.0000000000015420   0.0000000000007710   -0.0000000000000241   1.4101886400000003   -0.0012021700000000   0.0009338900000000   -0.0000080250000000   -0.0005205300000000   0.0000000000000000   -0.0000277000000000   
 0.0008000000000000   -3.3987165633999998   0.0000000000000000   -0.0017227000000000   0.0009338900000000   -0.0000357250000000   -0.0000000000027105   0.0000000000000000   -0.0000000000000212   1.4101886399999999   -0.0012021700000000   0.0009338900000000   -0.0000080250000000   -0.0005205300000000   0.0000000000000000   -0.0000277000000000   
 0.0008500000000000   -3.3987165633999994   -0.0000000024586254   -0.0017227000000000   0.0009338900000000   -0.0000357250000000   0.0000000000000000   0.0000000000000000   0.0000000000000000   1.4101886399999985   -0.0012021700000000   0.0009338900000000   -0.0000080250000000   -0.0005205300000000   0.0000000000000000   -0.0000277000000000   
 0.0009000000000000   -3.3987165633999985   0.0000000000000000   -0.0017227000000000   0.0009338900000000   -0.0000357250000000   0.0000000000000000   0.0000000000005354   -0.0000000000000167   1.4101886399999917   -0.0012021700000000   0.0009338900000000   -0.0000080250000000   -0.0005205300000000   0.0000000000000000   -0.0000277000000000   
 0.0009500000000000   -3.3987165633999936   0.0000000000000000   -0.0017227000000001   0.0009338900000001   -0.0000357250000000   -0.0000000000038443   0.0000000000038443   -0.0000000000000751   1.4101886399999588   -0.0012021700000001   0.0009338900000001   -0.0000080250000000   -0.0005205300000000   0.0000000000000000   -0.0000277000000000   
 0.0010000000000000   -3.3987165633999736   -0.0000000017763568   -0.0017227000000004   0.0009338900000006   -0.0000357250000000   -0.0000000000121431   0.0000000000156125   -0.0000000000002982   1.4101886399998225   -0.0012021700000005   0.0009338900000006   -0.0000080250000000   -0.0005205299999999   0.0000000000000000   -0.0000277000000000   
 0.0015000000000000   -3.3987165631309693   0.0000033127081325   -0.0017227000039689   0.0009338900055984   -0.0000357250000990   -0.0000000487638479   0.0000000688056865   -0.0000000012264856   1.4101886381941675   -0.0012021700052325   0.0009338900055984   -0.0000080249999589   -0.0005205299987364   0.0000000000000000   -0.0000277000001401   
 0.0020000000000000   -3.3987165360357801   0.0001901070412202   -0.0017227003945989   0.0009338905585562   -0.0000357250108052   -0.0000027140956583   0.0000038478364375   -0.0000000772666097   1.4101884565706244   -0.0012021705240719   0.0009338905585562   -0.0000080249959784   -0.0005205298705270   0.0000000000000000   -0.0000277000148268   
 0.0025000000000000   -3.3987161193881854   0.0019872493339790   -0.0017227061050310   0.0009338987086567   -0.0000357251990517   -0.0000265816273159   0.0000380962178470   -0.0000009494475518   1.4101856718547419   -0.0012021782348815   0.0009338987086567   -0.0000080249415064   -0.0005205278701495   -0.0000000000000000   -0.0000277002575453   
 0.0030000000000000   -3.3987136737930452   0.0090697367640915   -0.0017227369005995   0.0009339433351346   -0.0000357265158582   -0.0001094095253246   0.0001598796840482   -0.0000052515083557   1.4101694012679526   -0.0012022210125577   0.0009339433351346   -0.0000080247047019   -0.0005205158880418   -0.0000000000000000   -0.0000277018111564   
 0.0035000000000000   -3.3987053851817040   0.0260974635280871   -0.0017228292064346   0.0009340805416248   -0.0000357318946814   -0.0002726000504550   0.0004112335177248   -0.0000182866685628   1.4101145887814057   -0.0012023548729610   0.0009340805416248   -0.0000080243836949   -0.0005204743334736   -0.0000000000000000   -0.0000277075109865   
 0.0040000000000000   -3.3986853085039535   0.0566601390250554   -0.0017230186685731   0.0009343738908767   -0.0000357474629916   -0.0004892295459263   0.0007766047930874   -0.0000472927317374   1.4099827597436168   -0.0012026473549976   0.0009343738908767   -0.0000080253100749   -0.0005203713135756   -0.0000000000000000   -0.0000277221529167   
 0.0045000000000000   -3.3986461977664142   0.1023213536725198   -0.0017233155391054   0.0009348646375494   -0.0000357831084629   -0.0006878427074747   0.0011861387192663   -0.0000997800323443   1.4097279296934286   -0.0012031494530431   0.0009348646375494   -0.0000080314143002   -0.0005201660860623   -0.0000000000000000   -0.0000277516941627   
 0.0050000000000000   -3.3985805206199302   0.1627367497292198   -0.0017236883379400   0.0009355517099900   -0.0000358522091497   -0.0007776560301959   0.0015460008161508   -0.0001819879469789   1.4093034454554152   -0.0012038743266813   0.0009355517099900   -0.0000080502260618   -0.0005198140112587   -0.0000000000000000   -0.0000278019830879   
 0.0055000000000000   -3.3984812805122875   0.2362100796833245   -0.0017240607908293   0.0009363875363999   -0.0000359707357705   -0.0006738101198155   0.0017680767110095   -0.0002979453358007   1.4086672451842572   -0.0012047898947125   0.0009363875363999   -0.0000080930309400   -0.0005192708961167   -0.0000000000000000   -0.0000278777048304   
 0.0060000000000000   -3.3983425435795658   0.3202753845836052   -0.0017243191994881   0.0009372858542532   -0.0000361560399336   -0.0003132282773240   0.0017875566124609   -0.0004491328977792   1.4077849715074604   -0.0012058231646161   0.0009372858542532   -0.0000081741846152   -0.0005184960348721   -0.0000000000000000   -0.0000279818553184   
 0.0065000000000000   -3.3981597027907613   0.4121552994070581   -0.0017243252059016   0.0009381352154815   -0.0000364255914975   0.0003393171651159   0.0015686896237732   -0.0006345881713630   1.4066312855312173   -0.0012068711391120   0.0009381352154815   -0.0000083098914399   -0.0005174540667896   -0.0000000000000000   -0.0000281157000575   
 0.0070000000000000   -3.3979295493330008   0.5090758724319312   -0.0017239297315095   0.0009388132635562   -0.0000367958438581   0.0012920125951607   0.0011028614222084   -0.0008512863487430   1.4051899408263502   -0.0012078137442552   0.0009388132635562   -0.0000085168133115   -0.0005161159872544   -0.0000000000000000   -0.0000282790305467   
 0.0075000000000000   -3.3976502177189913   0.6084621018784574   -0.0017229854614889   0.0009391989861368   -0.0000372813287818   0.0025305479487795   0.0004029835849508   -0.0010946570122519   1.4034531080441834   -0.0012085258680683   0.0009391989861368   -0.0000088107897828   -0.0005144595934206   -0.0000000000000000   -0.0000284705389991   
 0.0080000000000000   -3.3973210563213647   0.7080457501140724   -0.0017213566276988   0.0009391818296647   -0.0000378940206657   0.0040240677114556   -0.0005031104074337   -0.0013591302620795   1.4014203080285221   -0.0012088870855355   0.0009391818296647   -0.0000092058275421   -0.0005124695421633   -0.0000000000000000   -0.0000286881931236   
 0.0085000000000000   -3.3969424600972413   0.8059127958138601   -0.0017189257797543   0.0009386675922822   -0.0000386429655285   0.0057310936013851   -0.0015787831955543   -0.0016386403159735   1.3990971910708954   -0.0012087886539505   0.0009386675922822   -0.0000097134137129   -0.0005101371258038   -0.0000000000000000   -0.0000289295518157   
 0.0090000000000000   -3.3965156901887323   0.9005114461301404   -0.0017155977677122   0.0009375815252826   -0.0000395341421956   0.0076046762054751   -0.0027835845370753   -0.0019270462953812   1.3964943097145990   -0.0012081379318662   0.0009375815252826   -0.0000103421394756   -0.0005074598358460   -0.0000000000000000   -0.0000291920027199   
 0.0095000000000000   -3.3960426961207610   0.9906358314047994   -0.0017113014085636   0.0009358692586870   -0.0000405705095797   0.0095964869197900   -0.0040769653678944   -0.0022184549521157   1.3936259700508662   -0.0012068606368728   0.0009358692586870   -0.0000110975849172   -0.0005044407716908   -0.0000000000000000   -0.0000294729246625   
 0.0100000000000000   -3.3955259499630679   1.0753958880904690   -0.0017059893802017   0.0009334961712561   -0.0000417521909397   0.0116598266068982   -0.0054208144171196   -0.0025074471679659   1.3905092052064645   -0.0012049014339100   0.0009334961712561   -0.0000119824033098   -0.0005010879462917   -0.0000000000000000   -0.0000297697876299   
 0.0150000000000000   -3.3886275219555588   1.5846207964011054   -0.0015994861361648   0.0008757369757152   -0.0000601899474574   0.0293398787025831   -0.0164666933778776   -0.0045393773701687   1.3499877056183160   -0.0011464556893413   0.0008757369757152   -0.0000270260139969   -0.0004530304468236   -0.0000000000000000   -0.0000331639334605   
 0.0200000000000000   -3.3803751156486186   1.6800825417506715   -0.0014328754768149   0.0007829118599470   -0.0000837228799613   0.0355452870233236   -0.0195387733794813   -0.0045981474781086   1.3036939254099429   -0.0010401278455307   0.0007829118599470   -0.0000474245025595   -0.0003927476312841   -0.0000000000000000   -0.0000362983774018   
 0.0250000000000000   -3.3719458045908701   1.6961353708722982   -0.0012561436080352   0.0006874639075952   -0.0001043865773484   0.0344253532884434   -0.0182684596933699   -0.0035751846281612   1.2599454661002487   -0.0009219189239173   0.0006874639075952   -0.0000661104197940   -0.0003342246841179   -0.0000000000000000   -0.0000382761575544   
 0.0300000000000000   -3.3632995624234336   1.7764289978355272   -0.0010925491483444   0.0006018841909072   -0.0001191430287007   0.0308505261539718   -0.0159321726055770   -0.0023355384697985   1.2204043630540713   -0.0008100393797901   0.0006018841909072   -0.0000802586770111   -0.0002825097685543   -0.0000000000000000   -0.0000388843516896   
 0.0350000000000000   -3.3540532556819294   1.9323503014546455   -0.0009480263206577   0.0005278360431391   -0.0001280340529708   0.0269957565125406   -0.0137502411402895   -0.0012618970856946   1.1843397567309910   -0.0007098198121733   0.0005278360431391   -0.0000896969815443   -0.0002382065084844   -0.0000000000000000   -0.0000383370714265   
 0.0400000000000000   -3.3439072727826691   2.1295282752842315   -0.0008219042129155   0.0004636802625414   -0.0001322014110077   0.0235363460588867   -0.0119804621369228   -0.0004484454766907   1.1506384445543791   -0.0006213884352871   0.0004636802625414   -0.0000952276290826   -0.0002005157776283   -0.0000000000000000   -0.0000369737819250   
 0.0450000000000000   -3.3327531273659461   2.3300281281639577   -0.0007118288053358   0.0004074274951509   -0.0001329185870658   0.0205726989848425   -0.0105717341735796   0.0001258046076426   1.1184436010012551   -0.0005433989529709   0.0004074274951509   -0.0000978148929849   -0.0001684298523649   -0.0000000000000000   -0.0000351036940809   
 0.0500000000000000   -3.3206469959340112   2.5069768303055184   -0.0006154635586354   0.0003575435810859   -0.0001312548962913   0.0180368821793810   -0.0094154683574023   0.0005130210565483   1.0872513114654536   -0.0004743902846686   0.0003575435810859   -0.0000982943473519   -0.0001410732739668   -0.0000000000000000   -0.0000329605489394   
 0.0550000000000000   -3.3077462336404335   2.6465445140415294   -0.0005308981610824   0.0003130027642755   -0.0001280142096811   0.0158389221488930   -0.0084223824873689   0.0007643607168788   1.0568361356346332   -0.0004131534297896   0.0003130027642755   -0.0000973091494686   -0.0001177447312929   -0.0000000000000000   -0.0000307050602125   
 0.0600000000000000   -3.2942502028174214   2.7451318343383084   -0.0004566306340138   0.0002731436488165   -0.0001237691966646   0.0139079871797676   -0.0075358507823425   0.0009205781929554   1.0271476261143284   -0.0003587502050897   0.0002731436488165   -0.0000953279195365   -0.0000978804289241   -0.0000000000000000   -0.0000284412771282   
 0.0650000000000000   -3.2803586913592579   2.8055556477790344   -0.0003914536492600   0.0002375178755118   -0.0001189169797584   0.0121963990059651   -0.0067256978094006   0.0010113639512843   0.9982251718278579   -0.0003104415050996   0.0002375178755118   -0.0000926834988637   -0.0000810121441604   -0.0000000000000000   -0.0000262334808948   
 0.0700000000000000   -3.2662482822870391   2.8338273490722896   -0.0003343528779147   0.0002057821758428   -0.0001137297582857   0.0106733954309775   -0.0059785244508517   0.0010574126701690   0.9701409555123129   -0.0002676150601062   0.0002057821758428   -0.0000896101999459   -0.0000667378178085   -0.0000000000000000   -0.0000241195583398   
 0.0750000000000000   -3.2520623055016546   2.8369546521117983   -0.0002844402213660   0.0001776354684483   -0.0001083935924444   0.0093182376783181   -0.0052897599396540   0.0010728697827122   0.9429671724394426   -0.0002297356970254   0.0001776354684483   -0.0000862731558027   -0.0000547045243406   -0.0000000000000000   -0.0000221204366417   
 0.0800000000000000   -3.2379093716925960   2.8216693610758070   -0.0002409169272131   0.0001527888455112   -0.0001030358201271   0.0081152940750114   -0.0046584518337814   0.0010673723333535   0.9167602717704481   -0.0001963173575045   0.0001527888455112   -0.0000827894905622   -0.0000445995697086   -0.0000000000000000   -0.0000202463295649   
 0.0850000000000000   -3.2238664910358716   2.7938197413695973   -0.0002030559057236   0.0001309555379701   -0.0000977436557802   0.0070512026361822   -0.0040843671163996   0.0010475373504857   0.8915556341558993   -0.0001669100340380   0.0001309555379701   -0.0000792429309045   -0.0000361458716857   -0.0000000000000000   -0.0000185007248757   
 0.0900000000000000   -3.2099841086008332   2.7581740261660039   -0.0001701942434192   0.0001118511494410   -0.0000925765861714   0.0061135186712062   -0.0035666615356544   0.0010179747977563   0.8673678965557083   -0.0001410950980532   0.0001118511494410   -0.0000756936998786   -0.0000290991453660   -0.0000000000000000   -0.0000168828862928   
 0.0950000000000000   -3.1962915020982061   2.7184465360654984   -0.0001417300706932   0.0000951980129224   -0.0000875746251141   0.0052902362318134   -0.0031034688934231   0.0009819519882178   0.8441938692150531   -0.0001184844756834   0.0000951980129224   -0.0000721852033747   -0.0000232455950098   -0.0000000000000000   -0.0000153894217394   
 0.1000000000000000   -3.1828017567843481   2.6774254007365883   -0.0001171205942199   0.0000807302856732   -0.0000827638758857   0.0045697430628352   -0.0026919570427215   0.0009418225706201   0.8220162877306432   -0.0000987210217931   0.0000807302856732   -0.0000687485964684   -0.0000183995724269   -0.0000000000000000   -0.0000140152794173   
 0.1500000000000000   -3.0567315965711188   2.4275266684508914   0.0000003622457094   0.0000110472055561   -0.0000462129907539   0.0009597414590574   -0.0005754029719600   0.0005375498018801   0.6469986411688284   -0.0000000538914387   0.0000110472055564   -0.0000408212568759   0.0000004161371480   -0.0000000000000003   -0.0000053917338780   
 0.2000000000000000   -2.9348128606255499   2.4807291704664003   0.0000221137397610   -0.0000025916394525   -0.0000262106838320   0.0001115298843564   -0.0000898702380413   0.0002884120661478   0.5308591710980639   0.0000202504989526   -0.0000025916394490   -0.0000240948765720   0.0000018632408083   -0.0000000000000035   -0.0000021158072601   
 0.2500000000000000   -2.8073375725443159   2.6178300710033398   0.0000219097213439   -0.0000039559428220   -0.0000154016743016   -0.0000709082906793   0.0000084387167089   0.0001581040793995   0.4483500991819100   0.0000206789509535   -0.0000039559428098   -0.0000145245499406   0.0000012307703904   -0.0000000000000122   -0.0000008771243610   
 0.3000000000000000   -2.6738284951624447   2.7101145940672127   0.0000175454655471   -0.0000030726546675   -0.0000093827288398   -0.0000920969296371   0.0000212356682360   0.0000897879468171   0.3865020134251959   0.0000168662984330   -0.0000030726546419   -0.0000089952466020   0.0000006791671141   -0.0000000000000257   -0.0000003874822378   
 0.3500000000000000   -2.5376892973794578   2.7219589249890932   0.0000132569683993   -0.0000020885485510   -0.0000059084353379   -0.0000773666780811   0.0000172728779256   0.0000528314835277   0.3384254194898852   0.0000128962785911   -0.0000020885485107   -0.0000057259661764   0.0000003606898082   -0.0000000000000403   -0.0000001824691615   
 0.4000000000000000   -2.4028502293804896   2.6611215865158631   0.0000098664957891   -0.0000013650917492   -0.0000038327012076   -0.0000585078084508   0.0000118024169631   0.0000321242149342   0.3001331000517221   0.0000096744603118   -0.0000013650916958   -0.0000037413283528   0.0000001920354774   -0.0000000000000534   -0.0000000913728549   
 0.4500000000000000   -2.2724373243945348   2.5486329491785780   0.0000073506891843   -0.0000008851614312   -0.0000025527830913   -0.0000428033450514   0.0000076504796073   0.0000201252447111   0.2691158634157753   0.0000072466074122   -0.0000008851613679   -0.0000025043052657   0.0000001040817721   -0.0000000000000633   -0.0000000484778256   
 0.5000000000000000   -2.1484975903077559   2.4053381859406997   0.0000055192584752   -0.0000005767018516   -0.0000017406748778   -0.0000310739178777   0.0000048890020794   0.0000129534482349   0.2436786929740750   0.0000054614807819   -0.0000005767017817   -0.0000017135441052   0.0000000577776933   -0.0000000000000699   -0.0000000271307726   
 0.5500000000000000   -2.0321429849581674   2.2475028591575761   0.0000041885197501   -0.0000003796133421   -0.0000012118968161   -0.0000226288596940   0.0000031289388348   0.0000085435335241   0.2226124280532289   0.0000041556008420   -0.0000003796132686   -0.0000011959566061   0.0000000329189081   -0.0000000000000735   -0.0000000159402100   
 0.6000000000000001   -1.9237999334071672   2.0863720279096598   0.0000032160036910   -0.0000002530231713   -0.0000008594635131   -0.0000166119447352   0.0000020198132537   0.0000057607295894   0.2050204036834790   0.0000031967503113   -0.0000002530230966   -0.0000008496797400   0.0000000192533797   -0.0000000000000747   -0.0000000097837731   
 0.6500000000000000   -1.8234402753073973   1.9290728148575980   0.0000024986704985   -0.0000001708693596   -0.0000006195544889   -0.0000123207666931   0.0000013193813378   0.0000039626497665   0.1902199750523136   0.0000024871197582   -0.0000001708692854   -0.0000006133111022   0.0000000115507404   -0.0000000000000742   -0.0000000062433867   
 0.7000000000000001   -1.7307587007995024   1.7797443676855038   0.0000019638301731   -0.0000001168786508   -0.0000004530974781   -0.0000092405000645   0.0000008732558541   0.0000027754553718   0.1776821474418126   0.0000019567308186   -0.0000001168785783   -0.0000004489737637   0.0000000070993545   -0.0000000000000725   -0.0000000041237143   
 0.7500000000000000   -1.6452969657264398   1.6405059356025009   0.0000015605325743   -0.0000000809192813   -0.0000003355937424   -0.0000070091774521   0.0000005857954545   0.0000019759599238   0.1669918904708588   0.0000015560687038   -0.0000000809192113   -0.0000003327860841   0.0000000044638705   -0.0000000000000700   -0.0000000028076583   
 0.8000000000000000   -1.5665258083539313   1.5121796171752002   0.0000012529852104   -0.0000000566474627   -0.0000002513411862   -0.0000053760316108   0.0000003981631628   0.0000014277315765   0.1578205552902939   0.0000012501181331   -0.0000000566473957   -0.0000002493777300   0.0000000028670773   -0.0000000000000670   -0.0000000019634562   
 0.8500000000000001   -1.4938964274741147   1.3947930245844569   0.0000010158771363   -0.0000000400517143   -0.0000001900701712   -0.0000041677621392   0.0000002740497546   0.0000010455260572   0.1499059251760719   0.0000010139988546   -0.0000000400516504   -0.0000001886642676   0.0000000018782817   -0.0000000000000639   -0.0000000014059036   
 0.8999999999999999   -1.4268712519362454   1.2879138379644299   0.0000008311510282   -0.0000000285649060   -0.0000001449376802   -0.0000032641576596   0.0000001908625022   0.0000007749911700   0.1430373984661952   0.0000008298977195   -0.0000000285648454   -0.0000001439097261   0.0000000012533087   -0.0000000000000606   -0.0000000010279541   
 0.9500000000000001   -1.3649411405614751   1.1908653991163543   0.0000006857966568   -0.0000000205230091   -0.0000001113048945   -0.0000025812483545   0.0000001343898016   0.0000005808142665   0.1370447907693099   0.0000006849460175   -0.0000000205229517   -0.0000001105391671   0.0000000008506394   -0.0000000000000574   -0.0000000007657274   
 1.0000000000000000   -1.3076339531191801   1.1028617127885965   0.0000005703433694   -0.0000000148332337   -0.0000000859768762   -0.0000020598680340   0.0000000955828723   0.0000004396491084   0.1317897734336354   0.0000005697568656   -0.0000000148331794   -0.0000000853969051   0.0000000005865037   -0.0000000000000543   -0.0000000005799710   
 1.5000000000000000   -0.9118527760435928   0.5628746836640039   0.0000001260837141   -0.0000000004611560   -0.0000000065054754   -0.0000003203148562   0.0000000044780437   0.0000000392697440   0.1023913893233092   0.0000001260571295   -0.0000000004611231   -0.0000000064364013   0.0000000000265846   -0.0000000000000329   -0.0000000000690741   
 2.0000000000000000   -0.6951196503937831   0.3329791197795225   0.0000000416239756   0.0000000002210038   0.0000000014323069   -0.0000000809075285   0.0000000000708472   0.0000000041211113   0.0908509328749503   0.0000000416227418   0.0000000002210282   0.0000000014505245   0.0000000000012338   -0.0000000000000244   -0.0000000000182176   
 2.5000000000000000   -0.5602945088116781   0.2181645199320030   0.0000000174045989   0.0000000001687995   0.0000000020120075   -0.0000000273253410   -0.0000000001559922   -0.0000000003805644   0.0851262117977459   0.0000000174059651   0.0000000001688208   0.0000000020205035   -0.0000000000013662   -0.0000000000000213   -0.0000000000084960   
 3.0000000000000000   -0.4687959321801333   0.1534348157009072   0.0000000084916436   0.0000000001020896   0.0000000016519547   -0.0000000111699167   -0.0000000001062686   -0.0000000008445125   0.0818395143861523   0.0000000084934550   0.0000000001021102   0.0000000016577790   -0.0000000000018114   -0.0000000000000205   -0.0000000000058243   
 3.5000000000000000   -0.4027821348270582   0.1135828034123857   0.0000000046168164   0.0000000000608038   0.0000000012570635   -0.0000000052228698   -0.0000000000623404   -0.0000000007079344   0.0797574371494377   0.0000000046187335   0.0000000000608245   0.0000000012619526   -0.0000000000019171   -0.0000000000000207   -0.0000000000048891   
 4.0000000000000000   -0.3529662459307131   0.0873837409183970   0.0000000027193091   0.0000000000366652   0.0000000009499836   -0.0000000026977856   -0.0000000000366677   -0.0000000005245507   0.0783424938860472   0.0000000027212540   0.0000000000366865   0.0000000009544807   -0.0000000000019449   -0.0000000000000213   -0.0000000000044971   
 4.5000000000000000   -0.3140640722012265   0.0692700018244940   0.0000000017033424   0.0000000000222774   0.0000000007256880   -0.0000000015044709   -0.0000000000222480   -0.0000000003801182   0.0773291642858576   0.0000000017052911   0.0000000000222994   0.0000000007299953   -0.0000000000019487   -0.0000000000000220   -0.0000000000043073   
 5.0000000000000000   -0.2828559562314268   0.0562379432961729   0.0000000011202792   0.0000000000134032   0.0000000005629754   -0.0000000008915523   -0.0000000000139899   -0.0000000002767672   0.0765734554174256   0.0000000011222226   0.0000000000134260   0.0000000005671791   -0.0000000000019434   -0.0000000000000228   -0.0000000000042037   
 5.5000000000000000   -0.2572714490129254   0.0465554951449495   0.0000000007665623   0.0000000000077326   0.0000000004437996   -0.0000000005550546   -0.0000000000091031   -0.0000000002042056   0.0759914501740981   0.0000000007684967   0.0000000000077562   0.0000000004479406   -0.0000000000019343   -0.0000000000000235   -0.0000000000041411   
 6.0000000000000000   -0.2359199302307889   0.0391685092542114   0.0000000005420136   0.0000000000039880   0.0000000003552186   -0.0000000003599673   -0.0000000000061104   -0.0000000001530446   0.0755313641463836   0.0000000005439372   0.0000000000040123   0.0000000003593185   -0.0000000000019237   -0.0000000000000243   -0.0000000000040998   
 6.5000000000000000   -0.2178333721454830   0.0334062681411290   0.0000000003939701   0.0000000000014409   0.0000000002883269   -0.0000000002416096   -0.0000000000042170   -0.0000000001165246   0.0751597204836181   0.0000000003958826   0.0000000000014658   0.0000000002923977   -0.0000000000019124   -0.0000000000000249   -0.0000000000040708   
 7.0000000000000000   -0.2023174552834905   0.0288258343219870   0.0000000002931936   -0.0000000000003379   0.0000000002370261   -0.0000000001669909   -0.0000000000029830   -0.0000000000900617   0.0748540272402783   0.0000000002950948   -0.0000000000003123   0.0000000002410752   -0.0000000000019012   -0.0000000000000256   -0.0000000000040490   
 7.5000000000000000   -0.1888613776548887   0.0251253020925183   0.0000000002226866   -0.0000000000016095   0.0000000001971060   -0.0000000001183729   -0.0000000000021570   -0.0000000000705873   0.0745986745452729   0.0000000002245768   -0.0000000000015834   0.0000000002011380   -0.0000000000018903   -0.0000000000000262   -0.0000000000040320   
 8.0000000000000000   -0.1770810687650416   0.0220932272226979   0.0000000001721720   -0.0000000000025378   0.0000000001656214   -0.0000000000857790   -0.0000000000015905   -0.0000000000560389   0.0743825247887126   0.0000000001740517   -0.0000000000025111   0.0000000001696397   -0.0000000000018797   -0.0000000000000267   -0.0000000000040183   
 8.5000000000000000   -0.1666822326507271   0.0195779873573775   0.0000000001352215   -0.0000000000032281   0.0000000001404820   -0.0000000000633754   -0.0000000000011936   -0.0000000000450153   0.0741974392350824   0.0000000001370912   -0.0000000000032009   0.0000000001444888   -0.0000000000018697   -0.0000000000000272   -0.0000000000040068   
 9.0000000000000000   -0.1574355957921770   0.0174685866469456   0.0000000001076934   -0.0000000000037501   0.0000000001201811   -0.0000000000476334   -0.0000000000009100   -0.0000000000365512   0.0740373454826283   0.0000000001095535   -0.0000000000037225   0.0000000001241783   -0.0000000000018601   -0.0000000000000277   -0.0000000000039971   
 9.5000000000000000   -0.1491599078643488   0.0156822728402029   0.0000000000868486   -0.0000000000041509   0.0000000001036177   -0.0000000000363537   -0.0000000000007037   -0.0000000000299722   0.0738976292021513   0.0000000000886997   -0.0000000000041228   0.0000000001076064   -0.0000000000018511   -0.0000000000000281   -0.0000000000039887   
 10.0000000000000000   -0.1417100055357529   0.0141563400679016   0.0000000000708332   -0.0000000000044628   0.0000000000899752   -0.0000000000281286   -0.0000000000005513   -0.0000000000248001   0.0737747267634835   0.0000000000726758   -0.0000000000044343   0.0000000000939565   -0.0000000000018426   -0.0000000000000285   -0.0000000000039813   
 15.0000000000000000   -0.0944958204873539   0.0062980709564882   0.0000000000144858   -0.0000000000056102   0.0000000000293030   -0.0000000000036785   -0.0000000000000804   -0.0000000000053844   0.0730585908290187   0.0000000000162654   -0.0000000000055790   0.0000000000332402   -0.0000000000017796   -0.0000000000000312   -0.0000000000039372   
 20.0000000000000000   -0.0708746102094736   0.0035436034001317   0.0000000000051143   -0.0000000000058241   0.0000000000134140   -0.0000000000008565   -0.0000000000000210   -0.0000000000017829   0.0727405887559699   0.0000000000068562   -0.0000000000057913   0.0000000000173299   -0.0000000000017419   -0.0000000000000328   -0.0000000000039160   
 25.0000000000000000   -0.0566995482755162   0.0022680917847263   0.0000000000026170   -0.0000000000058888   0.0000000000075379   -0.0000000000002713   -0.0000000000000076   -0.0000000000007512   0.0725625115941470   0.0000000000043342   -0.0000000000058550   0.0000000000114411   -0.0000000000017172   -0.0000000000000338   -0.0000000000039033   
 30.0000000000000000   -0.0472490396250991   0.0015750990616768   0.0000000000017573   -0.0000000000059148   0.0000000000048755   -0.0000000000001033   -0.0000000000000034   -0.0000000000003698   0.0724490705749866   0.0000000000034572   -0.0000000000058803   0.0000000000087704   -0.0000000000016999   -0.0000000000000345   -0.0000000000038949   
 35.0000000000000000   -0.0404986067617255   0.0011572159571518   0.0000000000014122   -0.0000000000059273   0.0000000000034959   -0.0000000000000441   -0.0000000000000018   -0.0000000000002029   0.0723706178390556   0.0000000000030992   -0.0000000000058923   0.0000000000073847   -0.0000000000016870   -0.0000000000000350   -0.0000000000038889   
 40.0000000000000000   -0.0354358051053221   0.0008859860227779   0.0000000000012603   -0.0000000000059342   0.0000000000027092   -0.0000000000000200   -0.0000000000000010   -0.0000000000001207   0.0723131841362409   0.0000000000029375   -0.0000000000058988   0.0000000000065936   -0.0000000000016772   -0.0000000000000353   -0.0000000000038843   
 45.0000000000000000   -0.0314981108961601   0.0007000301922641   0.0000000000011904   -0.0000000000059383   0.0000000000022273   -0.0000000000000093   -0.0000000000000007   -0.0000000000000763   0.0722693451359897   0.0000000000028598   -0.0000000000059027   0.0000000000061082   -0.0000000000016694   -0.0000000000000356   -0.0000000000038808   
 50.0000000000000000   -0.0283479940080843   0.0005670173539423   0.0000000000011584   -0.0000000000059410   0.0000000000019152   -0.0000000000000041   -0.0000000000000004   -0.0000000000000507   0.0722347971702261   0.0000000000028215   -0.0000000000059052   0.0000000000057932   -0.0000000000016630   -0.0000000000000359   -0.0000000000038780   
 55.0000000000000000   -0.0257706579330854   0.0004686035853684   0.0000000000011450   -0.0000000000059429   0.0000000000017037   -0.0000000000000015   -0.0000000000000003   -0.0000000000000351   0.0722068762152203   0.0000000000028028   -0.0000000000059068   0.0000000000055794   -0.0000000000016578   -0.0000000000000361   -0.0000000000038757   
 60.0000000000000000   -0.0236229039041774   0.0003937525440554   0.0000000000011411   -0.0000000000059442   0.0000000000015551   -0.0000000000000002   -0.0000000000000002   -0.0000000000000251   0.0721838461133457   0.0000000000027945   -0.0000000000059080   0.0000000000054289   -0.0000000000016533   -0.0000000000000362   -0.0000000000038738   
 65.0000000000000000   -0.0218055943199890   0.0003355014362282   0.0000000000011421   -0.0000000000059452   0.0000000000014474   0.0000000000000005   -0.0000000000000002   -0.0000000000000184   0.0721645275172347   0.0000000000027917   -0.0000000000059088   0.0000000000053196   -0.0000000000016496   -0.0000000000000364   -0.0000000000038722   
 70.0000000000000000   -0.0202479169216685   0.0002892814554696   0.0000000000011457   -0.0000000000059460   0.0000000000013673   0.0000000000000009   -0.0000000000000001   -0.0000000000000139   0.0721480915147826   0.0000000000027920   -0.0000000000059095   0.0000000000052381   -0.0000000000016463   -0.0000000000000365   -0.0000000000038708   
 75.0000000000000000   -0.0188979430764151   0.0002519939234238   0.0000000000011505   -0.0000000000059466   0.0000000000013063   0.0000000000000010   -0.0000000000000001   -0.0000000000000107   0.0721339386151546   0.0000000000027940   -0.0000000000059100   0.0000000000051759   -0.0000000000016435   -0.0000000000000366   -0.0000000000038696   
 80.0000000000000000   -0.0177167266285948   0.0002214771188399   0.0000000000011558   -0.0000000000059471   0.0000000000012590   0.0000000000000011   -0.0000000000000001   -0.0000000000000084   0.0721216245952627   0.0000000000027968   -0.0000000000059104   0.0000000000051276   -0.0000000000016410   -0.0000000000000367   -0.0000000000038686   
 85.0000000000000000   -0.0166744854868299   0.0001961857814721   0.0000000000011614   -0.0000000000059475   0.0000000000012217   0.0000000000000011   -0.0000000000000001   -0.0000000000000066   0.0721108133365290   0.0000000000028001   -0.0000000000059107   0.0000000000050894   -0.0000000000016388   -0.0000000000000368   -0.0000000000038677   
 90.0000000000000000   -0.0157480560118744   0.0001749915881302   0.0000000000011668   -0.0000000000059478   0.0000000000011918   0.0000000000000011   -0.0000000000000001   -0.0000000000000054   0.0721012458545956   0.0000000000028036   -0.0000000000059109   0.0000000000050586   -0.0000000000016368   -0.0000000000000369   -0.0000000000038668   
 95.0000000000000000   -0.0149191512850534   0.0001570550975211   0.0000000000011721   -0.0000000000059481   0.0000000000011675   0.0000000000000010   -0.0000000000000001   -0.0000000000000044   0.0720927193911936   0.0000000000028071   -0.0000000000059112   0.0000000000050336   -0.0000000000016350   -0.0000000000000369   -0.0000000000038661   
 100.0000000000000000   -0.0141731419007131   0.0001417413367492   0.0000000000011771   -0.0000000000059483   0.0000000000011476   0.0000000000000010   -0.0000000000000000   -0.0000000000000036   0.0720850729524870   0.0000000000028105   -0.0000000000059113   0.0000000000050130   -0.0000000000016334   -0.0000000000000370   -0.0000000000038654   
