 0.0001000000000000   -3.4461856470000001   0.0000000000000000   -0.0032711350000000   0.0015839500000000   -0.0002649150000000   0.0000000000000000   0.0000000000000000   -0.0000000000108420   1.4929686700000000   -0.0025191400000000   0.0015839500000000   -0.0002041700000000   -0.0007519950000000   0.0000000000000000   -0.0000607450000000   
 0.0001500000000000   -3.4461856470000001   0.0000000000000000   -0.0032711350000000   0.0015839500000000   -0.0002649150000000   0.0000000000000000   0.0000000000000000   -0.0000000000048187   1.4929686700000000   -0.0025191400000000   0.0015839500000000   -0.0002041700000000   -0.0007519950000000   0.0000000000000000   -0.0000607450000000   
 0.0002000000000000   -3.4461856470000001   0.0000000000000000   -0.0032711350000000   0.0015839500000000   -0.0002649150000000   0.0000000000000000   0.0000000000000000   -0.0000000000027105   1.4929686700000000   -0.0025191400000000   0.0015839500000000   -0.0002041700000000   -0.0007519950000000   0.0000000000000000   -0.0000607450000000   
 0.0002500000000000   -3.4461856470000001   0.0000000000000000   -0.0032711350000000   0.0015839500000000   -0.0002649150000000   0.0000000000000000   0.0000000000000000   -0.0000000000017347   1.4929686700000000   -0.0025191400000000   0.0015839500000000   -0.0002041700000000   -0.0007519950000000   0.0000000000000000   -0.0000607450000000   
 0.0003000000000000   -3.4461856470000001   0.0000000000000000   -0.0032711350000000   0.0015839500000000   -0.0002649150000000   0.0000000000000000   0.0000000000000000   -0.0000000000012047   1.4929686700000000   -0.0025191400000000   0.0015839500000000   -0.0002041700000000   -0.0007519950000000   0.0000000000000000   -0.0000607450000000   
 0.0003500000000000   -3.4461856470000001   0.0000000000000000   -0.0032711350000000   0.0015839500000000   -0.0002649150000000   0.0000000000000000   0.0000000000000000   -0.0000000000008851   1.4929686700000000   -0.0025191400000000   0.0015839500000000   -0.0002041700000000   -0.0007519950000000   0.0000000000000000   -0.0000607450000000   
 0.0004000000000000   -3.4461856470000001   0.0000000000000000   -0.0032711350000000   0.0015839500000000   -0.0002649150000000   0.0000000000000000   0.0000000000000000   -0.0000000000006776   1.4929686700000000   -0.0025191400000000   0.0015839500000000   -0.0002041700000000   -0.0007519950000000   0.0000000000000000   -0.0000607450000000   
 0.0004500000000000   -3.4461856470000001   0.0000000000000000   -0.0032711350000000   0.0015839500000000   -0.0002649150000000   0.0000000000000000   0.0000000000000000   -0.0000000000005354   1.4929686700000000   -0.0025191400000000   0.0015839500000000   -0.0002041700000000   -0.0007519950000000   0.0000000000000000   -0.0000607450000000   
 0.0005000000000000   -3.4461856470000001   0.0000000000000000   -0.0032711350000000   0.0015839500000000   -0.0002649150000000   0.0000000000000000   0.0000000000000000   -0.0000000000004337   1.4929686700000000   -0.0025191400000000   0.0015839500000000   -0.0002041700000000   -0.0007519950000000   0.0000000000000000   -0.0000607450000000   
 0.0005500000000000   -3.4461856470000001   0.0000000000000000   -0.0032711350000000   0.0015839500000000   -0.0002649150000000   0.0000000000000000   0.0000000000000000   -0.0000000000003584   1.4929686700000000   -0.0025191400000000   0.0015839500000000   -0.0002041700000000   -0.0007519950000000   0.0000000000000000   -0.0000607450000000   
 0.0006000000000000   -3.4461856470000001   0.0000000000000000   -0.0032711350000000   0.0015839500000000   -0.0002649150000000   0.0000000000000000   0.0000000000000000   -0.0000000000003012   1.4929686700000000   -0.0025191400000000   0.0015839500000000   -0.0002041700000000   -0.0007519950000000   0.0000000000000000   -0.0000607450000000   
 0.0006500000000000   -3.4461856470000001   0.0000000000000000   -0.0032711350000000   0.0015839500000000   -0.0002649150000000   0.0000000000000000   0.0000000000000000   -0.0000000000002566   1.4929686700000000   -0.0025191400000000   0.0015839500000000   -0.0002041700000000   -0.0007519950000000   0.0000000000000000   -0.0000607450000000   
 0.0007000000000000   -3.4461856470000001   0.0000000000000000   -0.0032711350000000   0.0015839500000000   -0.0002649150000000   0.0000000000000000   0.0000000000000000   -0.0000000000002213   1.4929686700000000   -0.0025191400000000   0.0015839500000000   -0.0002041700000000   -0.0007519950000000   0.0000000000000000   -0.0000607450000000   
 0.0007500000000000   -3.4461856470000001   0.0000000000000000   -0.0032711350000000   0.0015839500000000   -0.0002649150000000   0.0000000000000000   0.0000000000000000   -0.0000000000001927   1.4929686700000000   -0.0025191400000000   0.0015839500000000   -0.0002041700000000   -0.0007519950000000   0.0000000000000000   -0.0000607450000000   
 0.0008000000000000   -3.4461856470000001   0.0000000000000000   -0.0032711350000000   0.0015839500000000   -0.0002649150000000   0.0000000000000000   0.0000000000000000   -0.0000000000001694   1.4929686700000000   -0.0025191400000000   0.0015839500000000   -0.0002041700000000   -0.0007519950000000   0.0000000000000000   -0.0000607450000000   
 0.0008500000000000   -3.4461856470000001   0.0000000000000000   -0.0032711350000000   0.0015839500000000   -0.0002649150000000   0.0000000000000000   0.0000000000000000   -0.0000000000001501   1.4929686700000000   -0.0025191400000000   0.0015839500000000   -0.0002041700000000   -0.0007519950000000   0.0000000000000000   -0.0000607450000000   
 0.0009000000000000   -3.4461856470000001   0.0000000000000000   -0.0032711350000000   0.0015839500000000   -0.0002649150000000   0.0000000000000000   0.0000000000000000   -0.0000000000001339   1.4929686700000000   -0.0025191400000000   0.0015839500000000   -0.0002041700000000   -0.0007519950000000   0.0000000000000000   -0.0000607450000000   
 0.0009500000000000   -3.4461856470000001   0.0000000000000000   -0.0032711350000000   0.0015839500000000   -0.0002649150000000   0.0000000000000000   0.0000000000000000   -0.0000000000001201   1.4929686700000000   -0.0025191400000000   0.0015839500000000   -0.0002041700000000   -0.0007519950000000   0.0000000000000000   -0.0000607450000000   
 0.0010000000000000   -3.4461856470000001   0.0000000000000000   -0.0032711350000000   0.0015839500000000   -0.0002649150000000   0.0000000000000000   0.0000000000000000   -0.0000000000001084   1.4929686700000000   -0.0025191400000000   0.0015839500000000   -0.0002041700000000   -0.0007519950000000   0.0000000000000000   -0.0000607450000000   
 0.0015000000000000   -3.4461856469999752   0.0000000015789839   -0.0032711349999996   0.0015839500000001   -0.0002649149999999   0.0000000000077099   0.0000000000015420   0.0000000000011083   1.4929686699998801   -0.0025191399999999   0.0015839500000001   -0.0002041700000000   -0.0007519949999997   0.0000000000000000   -0.0000607450000000   
 0.0020000000000000   -3.4461856469713164   0.0000003033129303   -0.0032711349994905   0.0015839500001193   -0.0002649149999378   0.0000000054066994   0.0000000012372915   0.0000000006551834   1.4929686698615332   -0.0025191399998301   0.0015839500001193   -0.0002041699999595   -0.0007519949996604   0.0000000000000000   -0.0000607449999783   
 0.0025000000000000   -3.4461856450014672   0.0000136023459163   -0.0032711349640303   0.0015839500071004   -0.0002649149958240   0.0000002459768500   0.0000000453800886   0.0000000280434356   1.4929686603631647   -0.0025191399873852   0.0015839500071004   -0.0002041699972233   -0.0007519949766450   0.0000000000000000   -0.0000607449986007   
 0.0030000000000000   -3.4461856126714818   0.0001632274562427   -0.0032711343707750   0.0015839500931209   -0.0002649149319645   0.0000030172727742   0.0000003790460422   0.0000003153856179   1.4929685047254415   -0.0025191397646178   0.0015839500931209   -0.0002041699535198   -0.0007519946061572   0.0000000000000000   -0.0000607449784447   
 0.0035000000000000   -3.4461853817527657   0.0009334070749882   -0.0032711300322922   0.0015839504572446   -0.0002649145074679   0.0000177063393709   0.0000010589838247   0.0000016641356218   1.4929673953489118   -0.0025191380085343   0.0015839504572446   -0.0002041696535277   -0.0007519920237579   0.0000000000000000   -0.0000607448539403   
 0.0040000000000000   -3.4461844028198545   0.0033799807397372   -0.0032711111489279   0.0015839508216586   -0.0002649128548724   0.0000659289056725   -0.0000004576057957   0.0000054936436056   1.4929627034180719   -0.0025191297716654   0.0015839508216586   -0.0002041684479957   -0.0007519813772625   0.0000000000000000   -0.0000607444068767   
 0.0045000000000000   -3.4461814641250137   0.0090587161804689   -0.0032710528696237   0.0015839482303559   -0.0002649083482343   0.0001818116494976   -0.0000128672983619   0.0000132932439062   1.4929486543194626   -0.0025191025162137   0.0015839482303559   -0.0002041650661702   -0.0007519503534100   0.0000000000000000   -0.0000607432820641   
 0.0050000000000000   -3.4461745142192339   0.0197105708821255   -0.0032709111264170   0.0015839334128036   -0.0002648987550699   0.0004069646628024   -0.0000527471185827   0.0000258944461273   1.4929155165737105   -0.0025190319634157   0.0015839334128036   -0.0002041576998995   -0.0007518791630013   0.0000000000000000   -0.0000607410551704   
 0.0055000000000000   -3.4461606605957620   0.0369054623849126   -0.0032706206746986   0.0015838870995570   -0.0002648816882572   0.0007832877963093   -0.0001430146183125   0.0000430521236021   1.4928496385443841   -0.0025188792983891   0.0015838870995570   -0.0002041443736410   -0.0007517413763095   0.0000000000000000   -0.0000607373146162   
 0.0060000000000000   -3.4461363241252942   0.0617898584150585   -0.0032700966108981   0.0015837777488555   -0.0002648551578398   0.0013466295811377   -0.0003091168191882   0.0000634544508289   1.4927342211285541   -0.0025185906066511   0.0015837777488555   -0.0002041234494746   -0.0007515060042470   0.0000000000000000   -0.0000607317083652   
 0.0065000000000000   -3.4460974841836247   0.0949755935909125   -0.0032692385234672   0.0015835613589593   -0.0002648180378135   0.0021226979174640   -0.0005747874710915   0.0000850205218779   1.4925505053553905   -0.0025180985455524   0.0015835613589593   -0.0002040940875449   -0.0007511399779148   0.0000000000000000   -0.0000607239502686   
 0.0070000000000000   -3.4460399489870794   0.1365432189627961   -0.0032679360876354   0.0015831832124148   -0.0002647703521176   0.0031253210546744   -0.0009587147956537   0.0001052980493465   1.4922790596525919   -0.0025173256716818   0.0015831832124148   -0.0002040565463408   -0.0007506104159536   0.0000000000000000   -0.0000607138057768   
 0.0075000000000000   -3.4459596048998504   0.1861154568574522   -0.0032660750428784   0.0015825809357721   -0.0002647133655075   0.0043565496867731   -0.0014726385809251   0.0001218305960070   1.4919009492391171   -0.0025161886472302   0.0015825809357721   -0.0002040122885875   -0.0007498863956482   0.0000000000000000   -0.0000607010769200   
 0.0080000000000000   -3.4458526197797448   0.2429621532296089   -0.0032635427940827   0.0015816881609782   -0.0002646495123573   0.0058079559003420   -0.0021208026364667   0.0001324332670115   1.4913986745675289   -0.0025146026172741   0.0015816881609782   -0.0002039639161598   -0.0007489401768086   0.0000000000000000   -0.0000606855961975   
 0.0085000000000000   -3.4457155916925073   0.3061105059366716   -0.0032602331840740   0.0015804381915212   -0.0002645822137988   0.0074625667331519   -0.0029004167660576   0.0001353643123483   1.4907568437599636   -0.0025124852393863   0.0015804381915212   -0.0002039149839457   -0.0007477479446877   0.0000000000000000   -0.0000606672298530   
 0.0090000000000000   -3.4455456445065904   0.3744455980617088   -0.0032560502304946   0.0015787672681005   -0.0002645156326896   0.0092970164003679   -0.0038027342376585   0.0001294055007197   1.4899625916291148   -0.0025097600545402   0.0015787672681005   -0.0002038697462167   -0.0007462901759544   0.0000000000000000   -0.0000606458864728   
 0.0095000000000000   -3.4453404772027603   0.4467943571338327   -0.0032509107916156   0.0015766172128877   -0.0002644544066269   0.0112836431196062   -0.0048144121797667   0.0001138734839041   1.4890057818236357   -0.0025063590625554   0.0015766172128877   -0.0002038328805193   -0.0007445517290601   0.0000000000000000   -0.0000606215261076   
 0.0100000000000000   -3.4450983758044287   0.5219910956810736   -0.0032447462329142   0.0015739373744110   -0.0002644033877573   0.0133923703102799   -0.0059189169641840   0.0000885847908970   1.4878790370568933   -0.0025022244902449   0.0015739373744110   -0.0002038092214374   -0.0007425217426693   0.0000000000000000   -0.0000605941663200   
 0.0150000000000000   -3.4406153165397280   1.2388435536792033   -0.0031219354099114   0.0015132922305609   -0.0002653136081777   0.0351595794414014   -0.0181727049108904   -0.0005230438266539   1.4672480265237640   -0.0024156890136735   0.0015132922305609   -0.0002051235241489   -0.0007062463962379   0.0000000000000000   -0.0000601900840288   
 0.0200000000000000   -3.4332322817024963   1.6638870328833377   -0.0029091160430052   0.0014013607631625   -0.0002693807923515   0.0480594238105305   -0.0254310819380096   -0.0010116620653252   1.4339551298273887   -0.0022608653823661   0.0014013607631625   -0.0002097515576534   -0.0006482506606391   0.0000000000000000   -0.0000596292346981   
 0.0250000000000000   -3.4243351147973802   1.8741278162622166   -0.0026577778452495   0.0012690295357118   -0.0002743602472180   0.0512208953522247   -0.0267514814675560   -0.0008829812852971   1.3953703724407744   -0.0020760251351151   0.0012690295357118   -0.0002156069498162   -0.0005817527101344   0.0000000000000000   -0.0000587532974018   
 0.0300000000000000   -3.4145871946739352   2.0233777556910586   -0.0024056227972295   0.0011388303496639   -0.0002775079156842   0.0490933534707099   -0.0250386580017023   -0.0003341567729846   1.3559243327135480   -0.0018898532663322   0.0011388303496639   -0.0002202124454536   -0.0005157695308973   0.0000000000000000   -0.0000572954702306   
 0.0350000000000000   -3.4040802176542462   2.1832436093443075   -0.0021700766584479   0.0010201447642202   -0.0002775187756004   0.0449682741442349   -0.0223850213037101   0.0003294342785362   1.3173060576930005   -0.0017155725563209   0.0010201447642202   -0.0002223371480319   -0.0004545041021270   0.0000000000000000   -0.0000551816275685   
 0.0400000000000000   -3.3927195501117877   2.3634643253922505   -0.0019565130556185   0.0009149335731124   -0.0002743333457413   0.0404675904759757   -0.0197389462304240   0.0009250678247746   1.2798537688755056   -0.0015571683722853   0.0009149335731124   -0.0002218090612047   -0.0003993446833332   0.0000000000000000   -0.0000525242845366   
 0.0450000000000000   -3.3804374084961690   2.5485137728965395   -0.0017649468221052   0.0008222137677471   -0.0002684979875905   0.0362251205360072   -0.0174095399967820   0.0013847854110750   1.2434490844807289   -0.0014145636161018   0.0008222137677471   -0.0002189860032601   -0.0003503832060034   0.0000000000000000   -0.0000495119843304   
 0.0500000000000000   -3.3672586465380925   2.7192264518632214   -0.0015935263913682   0.0007402420087915   -0.0002607215121668   0.0324186192145550   -0.0154352532910388   0.0017036807910781   1.2079203221546899   -0.0012863170530614   0.0007402420087915   -0.0002143922541428   -0.0003072093383068   0.0000000000000000   -0.0000463292580239   
 0.0550000000000000   -3.3532925501668029   2.8617465444149270   -0.0014400301167732   0.0006673537118192   -0.0002516611999807   0.0290489491589629   -0.0137651649758624   0.0019027344084015   1.1731736216530433   -0.0011707666950517   0.0006673537118192   -0.0002085392353232   -0.0002692634217215   0.0000000000000000   -0.0000431219646575   
 0.0600000000000000   -3.3386996037246832   2.9694152534309741   -0.0013023951803113   0.0006021936200493   -0.0002418481500855   0.0260642670696011   -0.0123335361283214   0.0020093080266960   1.1392039798366109   -0.0010664196669596   0.0006021936200493   -0.0002018572728377   -0.0002359755133517   0.0000000000000000   -0.0000399908772478   
 0.0650000000000000   -3.3236578232510419   3.0415575396005861   -0.0011788409768210   0.0005437141352526   -0.0002316798451835   0.0234078260614799   -0.0110849676648088   0.0020486750000698   1.1060661884245409   -0.0009720282797484   0.0005437141352526   -0.0001946818670189   -0.0002068126970725   0.0000000000000000   -0.0000369979781646   
 0.0700000000000000   -3.3083379686973355   3.0813997918856901   -0.0010678493107448   0.0004911065378863   -0.0002214391030459   0.0210323265680404   -0.0099792806214037   0.0020412485128029   1.0738414011195969   -0.0008865583100362   0.0004911065378863   -0.0001872626886204   -0.0001812910007087   0.0000000000000000   -0.0000341764144255   
 0.0750000000000000   -3.2928889886440191   3.0941622374869997   -0.0009681105917335   0.0004437289795550   -0.0002113195058212   0.0189013819987173   -0.0089893080728012   0.0020023915616830   1.0426119328540762   -0.0008091352359962   0.0004437289795550   -0.0001797796259193   -0.0001589753557373   0.0000000000000000   -0.0000315398799019   
 0.0800000000000000   -3.2774317448706265   3.0856759281175372   -0.0008784747013051   0.0004010508310763   -0.0002014489063327   0.0169870972041850   -0.0080971022204174   0.0019431942338898   1.0124462886716883   -0.0007389983509876   0.0004010508310763   -0.0001723589586912   -0.0001394763503175   0.0000000000000000   -0.0000290899476415   
 0.0850000000000000   -3.2620582852533335   3.0615324585086756   -0.0007979157385157   0.0003626153565336   -0.0001919083260693   0.0152672559954537   -0.0072905674317667   0.0018714602039673   0.9833924568770600   -0.0006754691753977   0.0003626153565336   -0.0001650871109736   -0.0001224465631180   0.0000000000000000   -0.0000268212150957   
 0.0900000000000000   -3.2468342762604130   3.0266468211896607   -0.0007255093056578   0.0003280169240863   -0.0001827460969403   0.0137231872353766   -0.0065610321420228   0.0017925947062543   0.9554766735874617   -0.0006179321898295   0.0003280169240862   -0.0001580214496777   -0.0001075771158283   0.0000000000000000   -0.0000247246472626   
 0.0950000000000000   -3.2318028800477516   2.9850950727324292   -0.0006604184373851   0.0002968880827739   -0.0001739880227495   0.0123384232089685   -0.0059016992196245   0.0017103040763037   0.9287052681813917   -0.0005658239846632   0.0002968880827739   -0.0001511984086803   -0.0000945944527220   0.0000000000000001   -0.0000227896140691   
 0.1000000000000000   -3.2169889999384318   2.9401132627496551   -0.0006018846246505   0.0002688926516878   -0.0001656445168792   0.0110979650590921   -0.0053067505492168   0.0016271101074124   0.9030679098393614   -0.0005186273685675   0.0002688926516876   -0.0001446394592060   -0.0000832572560830   0.0000000000000001   -0.0000210050576732   
 0.1500000000000000   -3.0797018521222572   2.6091538263675789   -0.0002555600957337   0.0001051366194987   -0.0001029111747275   0.0040459587846612   -0.0018630891213366   0.0009366213934867   0.7010352747207589   -0.0002308514530037   0.0001051366194932   -0.0000935780725221   -0.0000247086427299   0.0000000000000055   -0.0000093331022054   
 0.2000000000000000   -2.9504908642907965   2.5961219424608828   -0.0001226922875845   0.0000456955396987   -0.0000668375715767   0.0016701674778415   -0.0007158063933719   0.0005465419241530   0.5685344972061230   -0.0001144628870943   0.0000456955396702   -0.0000625871051199   -0.0000082294004902   0.0000000000000285   -0.0000042504664568   
 0.2500000000000000   -2.8183197966494351   2.6937142372923830   -0.0000649442045249   0.0000218100242416   -0.0000453203410958   0.0007733955877846   -0.0003049693922741   0.0003348778402237   0.4758160607097511   -0.0000619146711449   0.0000218100241744   -0.0000433074525734   -0.0000030295333800   0.0000000000000672   -0.0000020128885224   
 0.3000000000000000   -2.6816598541454755   2.7621624111922327   -0.0000370582804049   0.0000112257290072   -0.0000318487515823   0.0003922770694753   -0.0001417858540060   0.0002147140750177   0.4072645706007841   -0.0000358459792730   0.0000112257288984   -0.0000308542858054   -0.0000012123011319   0.0000000000001087   -0.0000009944657769   
 0.3500000000000000   -2.5433235077187129   2.7588723662795327   -0.0000224340796755   0.0000061431352050   -0.0000230538379142   0.0002137504348816   -0.0000707582545251   0.0001429320488108   0.3545907927118137   -0.0000219133555011   0.0000061431350614   -0.0000225418815653   -0.0000005207241745   0.0000000000001436   -0.0000005119563489   
 0.4000000000000000   -2.4069068609461408   2.6879570866065352   -0.0000142471117433   0.0000035377242647   -0.0000171108485001   0.0001233798537919   -0.0000374318014258   0.0000981492218349   0.3130369188247897   -0.0000140092484875   0.0000035377240962   -0.0000168368567134   -0.0000002378632558   0.0000000000001684   -0.0000002739917867   
 0.4500000000000000   -2.2753365352982837   2.5685040022539702   -0.0000094145284188   0.0000021277679494   -0.0000129777074392   0.0000746785450619   -0.0000207986996043   0.0000691959096371   0.2796434229524145   -0.0000092998107124   0.0000021277677657   -0.0000128256537043   -0.0000001147177064   0.0000000000001837   -0.0000001520537349   
 0.5000000000000000   -2.1505337407567970   2.4202612084808202   -0.0000064336536920   0.0000013287997940   -0.0000100314888377   0.0000470426648986   -0.0000120554251454   0.0000499110144407   0.2524372844007009   -0.0000063755842060   0.0000013287996027   -0.0000099442112331   -0.0000000580694860   0.0000000000001914   -0.0000000872776046   
 0.5500000000000000   -2.0335273863337622   2.2588360140436876   -0.0000045251400753   0.0000008576448225   -0.0000078855611011   0.0000306641743241   -0.0000072504773228   0.0000367341686713   0.2300299237650805   -0.0000044944428248   0.0000008576446289   -0.0000078338753824   -0.0000000306972504   0.0000000000001936   -0.0000000516857186   
 0.6000000000000001   -1.9246871420540921   2.0950574673352467   -0.0000032633834767   0.0000005699073541   -0.0000062923374380   0.0000205894656720   -0.0000045053397495   0.0000275274571454   0.2114048219516705   -0.0000032465103697   0.0000005699071618   -0.0000062608340719   -0.0000000168731070   0.0000000000001923   -0.0000000315033661   
 0.6500000000000000   -1.8239450411166045   1.9357788841200285   -0.0000024055755810   0.0000003886447296   -0.0000050889945491   0.0000141887914873   -0.0000028822046018   0.0000209654989793   0.1957970985531620   -0.0000023959687803   0.0000003886445409   -0.0000050692761130   -0.0000000096068008   0.0000000000001887   -0.0000000197184361   
 0.7000000000000001   -1.7309672913711451   1.7849535808689210   -0.0000018078803237   0.0000002712458952   -0.0000041659377500   0.0000100052070072   -0.0000018925875733   0.0000162040236134   0.1826201133310956   -0.0000018022336618   0.0000002712457115   -0.0000041532906678   -0.0000000056466619   0.0000000000001838   -0.0000000126470822   
 0.7500000000000000   -1.6452749405798484   1.6445717031140366   -0.0000013822453641   0.0000001932912242   -0.0000034478614969   0.0000072010454989   -0.0000012723415358   0.0000126923541024   0.1714176988194724   -0.0000013788291504   0.0000001932910460   -0.0000034395658315   -0.0000000034162137   0.0000000000001782   -0.0000000082956654   
 0.8000000000000000   -1.5663234685602756   1.5153639979816440   -0.0000010731815180   0.0000001403502801   -0.0000028820496090   0.0000052787373846   -0.0000008737744359   0.0000100636792340   0.1618313900892016   -0.0000010710597536   0.0000001403501077   -0.0000028764948674   -0.0000000021217644   0.0000000000001724   -0.0000000055547416   
 0.8500000000000001   -1.4935526999274258   1.3972924640007800   -0.0000008448054321   0.0000001036560173   -0.0000024309690622   0.0000039340484008   -0.0000006117821729   0.0000080689851288   0.1535770561948550   -0.0000008434557378   0.0000001036558506   -0.0000024271785068   -0.0000000013496943   0.0000000000001667   -0.0000000037905554   
 0.8999999999999999   -1.4264164965454438   1.2898770494446032   -0.0000006733682333   0.0000000777463749   -0.0000020674792251   0.0000029760711349   -0.0000004359662821   0.0000065362781357   0.1464277814944530   -0.0000006724907098   0.0000000777462138   -0.0000020648471125   -0.0000000008775236   0.0000000000001611   -0.0000000026321126   
 0.9500000000000001   -1.3643992035075081   1.1924059805731226   -0.0000005428197071   0.0000000591393316   -0.0000017716720287   0.0000022821763902   -0.0000003157269117   0.0000053448606559   0.1402010912870793   -0.0000005422376536   0.0000000591391758   -0.0000017698148174   -0.0000000005820536   0.0000000000001558   -0.0000000018572114   
 1.0000000000000000   -1.3070236848166796   1.1040671646565627   -0.0000004421046332   0.0000000455679585   -0.0000015287505836   0.0000017719042592   -0.0000002320553860   0.0000044087806450   0.1347492940230265   -0.0000004417114214   0.0000000455678077   -0.0000015274206914   -0.0000000003932118   0.0000000000001508   -0.0000000013298922   
 1.5000000000000000   -0.9110456549151214   0.5628573829613153   -0.0000000857536225   0.0000000056594350   -0.0000004647144205   0.0000002326636874   -0.0000000195244190   0.0000009222729458   0.1044066188322839   -0.0000000857375139   0.0000000056593175   -0.0000004646300157   -0.0000000000161086   0.0000000000001174   -0.0000000000844047   
 2.0000000000000000   -0.6943716175840818   0.3328124598845661   -0.0000000265403714   0.0000000012769093   -0.0000001964272917   0.0000000541549525   -0.0000000032997951   0.0000002952446224   0.0925788183782804   -0.0000000265394731   0.0000000012768073   -0.0000001964200098   -0.0000000000008983   0.0000000000001020   -0.0000000000072819   
 2.5000000000000000   -0.5596313207166905   0.2180001344054504   -0.0000000106744698   0.0000000004045514   -0.0000001002979050   0.0000000174295024   -0.0000000008296183   0.0000001210361134   0.0867344177148413   -0.0000000106752100   0.0000000004044574   -0.0000001003007955   0.0000000000007403   0.0000000000000940   0.0000000000028905   
 3.0000000000000000   -0.4682089444150539   0.1532951604292565   -0.0000000050710159   0.0000000001598724   -0.0000000578392173   0.0000000069020655   -0.0000000002689900   0.0000000582459069   0.0833879315281181   -0.0000000050721580   0.0000000001597830   -0.0000000578443268   0.0000000000011421   0.0000000000000893   0.0000000000051095   
 3.5000000000000000   -0.4022587654378092   0.1134673700678366   -0.0000000027014433   0.0000000000741087   -0.0000000363003227   0.0000000031556021   -0.0000000001040314   0.0000000313493272   0.0812722713344807   -0.0000000027027771   0.0000000000740223   -0.0000000363061607   0.0000000000013338   0.0000000000000864   0.0000000000058380   
 4.0000000000000000   -0.3524954198265464   0.0872882573745143   -0.0000000015639006   0.0000000000389500   -0.0000000242441005   0.0000000016029914   -0.0000000000457879   0.0000000183229811   0.0798368670222858   -0.0000000015653629   0.0000000000388656   -0.0000000242502748   0.0000000000014623   0.0000000000000844   0.0000000000061743   
 4.5000000000000000   -0.3136368794831158   0.0691903247110727   -0.0000000009638719   0.0000000000227600   -0.0000000169811111   0.0000000008825243   -0.0000000000222488   0.0000000114079565   0.0788103079560826   -0.0000000009654325   0.0000000000226770   -0.0000000169874845   0.0000000000015606   0.0000000000000830   0.0000000000063733   
 5.0000000000000000   -0.2824653633251165   0.0561707333021192   -0.0000000006234914   0.0000000000146038   -0.0000000123491642   0.0000000005177011   -0.0000000000116909   0.0000000074664211   0.0780456506626553   -0.0000000006251315   0.0000000000145218   -0.0000000123556752   0.0000000000016401   0.0000000000000820   0.0000000000065110   
 5.5000000000000000   -0.2569118933800535   0.0464981840016066   -0.0000000004188985   0.0000000000101892   -0.0000000092577580   0.0000000003196784   -0.0000000000065465   0.0000000050884918   0.0774573756933752   -0.0000000004206047   0.0000000000101080   -0.0000000092643732   0.0000000000017062   0.0000000000000812   0.0000000000066152   
 6.0000000000000000   -0.2355869738027001   0.0391191398423994   -0.0000000002899865   0.0000000000076552   -0.0000000071164987   0.0000000002059369   -0.0000000000038648   0.0000000035857971   0.0769927716083015   -0.0000000002917487   0.0000000000075746   -0.0000000071231972   0.0000000000017622   0.0000000000000806   0.0000000000066984   
 6.5000000000000000   -0.2175234348463755   0.0333633429989081   -0.0000000002055165   0.0000000000061273   -0.0000000055868456   0.0000000001374625   -0.0000000000023862   0.0000000025988431   0.0766177972161163   -0.0000000002073268   0.0000000000060472   -0.0000000055936128   0.0000000000018103   0.0000000000000801   0.0000000000067672   
 7.0000000000000000   -0.2020276162265795   0.0287881971877715   -0.0000000001483077   0.0000000000051665   -0.0000000044652211   0.0000000000945729   -0.0000000000015312   0.0000000019291434   0.0763096023479283   -0.0000000001501598   0.0000000000050868   -0.0000000044720463   0.0000000000018521   0.0000000000000797   0.0000000000068252   
 7.5000000000000000   -0.1885892275743050   0.0250920503650791   -0.0000000001084514   0.0000000000045401   -0.0000000036242095   0.0000000000667822   -0.0000000000010164   0.0000000014618566   0.0760523416534679   -0.0000000001103401   0.0000000000044607   -0.0000000036310845   0.0000000000018887   0.0000000000000794   0.0000000000068751   
 8.0000000000000000   -0.1768245999459121   0.0220636483184604   -0.0000000000799972   0.0000000000041183   -0.0000000029812935   0.0000000000482393   -0.0000000000006951   0.0000000011278308   0.0758347180706946   -0.0000000000819182   0.0000000000040392   -0.0000000029882120   0.0000000000019211   0.0000000000000791   0.0000000000069184   
 8.5000000000000000   -0.1664397560890500   0.0195515124758810   -0.0000000000592444   0.0000000000038261   -0.0000000024814347   0.0000000000355459   -0.0000000000004883   0.0000000008839655   0.0756484821089105   -0.0000000000611943   0.0000000000037472   -0.0000000024883912   0.0000000000019499   0.0000000000000788   0.0000000000069565   
 9.0000000000000000   -0.1572056781858781   0.0174447569792149   -0.0000000000438211   0.0000000000036184   -0.0000000020869659   0.0000000000266584   -0.0000000000003515   0.0000000007025780   0.0754874827185757   -0.0000000000457967   0.0000000000035397   -0.0000000020939561   0.0000000000019756   0.0000000000000786   0.0000000000069902   
 9.5000000000000000   -0.1489413231583445   0.0156607146464702   -0.0000000000321654   0.0000000000034673   -0.0000000017715186   0.0000000000203097   -0.0000000000002587   0.0000000005654113   0.0753470486328415   -0.0000000000341643   0.0000000000033888   -0.0000000017785390   0.0000000000019989   0.0000000000000785   0.0000000000070203   
 10.0000000000000000   -0.1415016972532623   0.0141367461063824   -0.0000000000232243   0.0000000000033549   -0.0000000015162596   0.0000000000156927   -0.0000000000001944   0.0000000004601391   0.0752235742928890   -0.0000000000252442   0.0000000000032766   -0.0000000015233069   0.0000000000020199   0.0000000000000783   0.0000000000070474   
 15.0000000000000000   -0.0943542490973408   0.0062889861188885   0.0000000000081665   0.0000000000029775   -0.0000000004394956   0.0000000000020555   -0.0000000000000263   0.0000000000903911   0.0745054156515610   0.0000000000060107   0.0000000000029000   -0.0000000004467132   0.0000000000021558   0.0000000000000775   0.0000000000072176   
 20.0000000000000000   -0.0707674475799274   0.0035383914601301   0.0000000000134439   0.0000000000028995   -0.0000000001785244   0.0000000000004907   -0.0000000000000094   0.0000000000285258   0.0741874132123320   0.0000000000112184   0.0000000000028224   -0.0000000001858265   0.0000000000022255   0.0000000000000771   0.0000000000073021   
 25.0000000000000000   -0.0566133531040487   0.0022647179486311   0.0000000000149005   0.0000000000028651   -0.0000000000857769   0.0000000000001633   -0.0000000000000051   0.0000000000116697   0.0740096508087585   0.0000000000126326   0.0000000000027882   -0.0000000000931296   0.0000000000022679   0.0000000000000769   0.0000000000073527   
 30.0000000000000000   -0.0471769544947707   0.0015727386902067   0.0000000000154339   0.0000000000028444   -0.0000000000448169   0.0000000000000672   -0.0000000000000033   0.0000000000056253   0.0738965489248359   0.0000000000131375   0.0000000000027676   -0.0000000000522031   0.0000000000022964   0.0000000000000768   0.0000000000073863   
 35.0000000000000000   -0.0404366639574698   0.0011554727514326   0.0000000000156691   0.0000000000028302   -0.0000000000239884   0.0000000000000322   -0.0000000000000024   0.0000000000030367   0.0738184011509897   0.0000000000133523   0.0000000000027535   -0.0000000000313986   0.0000000000023168   0.0000000000000767   0.0000000000074102   
 40.0000000000000000   -0.0353815035881175   0.0008846462196907   0.0000000000157877   0.0000000000028198   -0.0000000000122921   0.0000000000000172   -0.0000000000000018   0.0000000000017809   0.0737612302406509   0.0000000000134554   0.0000000000027431   -0.0000000000197202   0.0000000000023322   0.0000000000000766   0.0000000000074281   
 45.0000000000000000   -0.0314497729365571   0.0006989684287189   0.0000000000158538   0.0000000000028117   -0.0000000000052212   0.0000000000000101   -0.0000000000000014   0.0000000000011127   0.0737176157240136   0.0000000000135096   0.0000000000027351   -0.0000000000126633   0.0000000000023442   0.0000000000000766   0.0000000000074421   
 50.0000000000000000   -0.0283044396392233   0.0005661552911170   0.0000000000158938   0.0000000000028052   -0.0000000000006957   0.0000000000000063   -0.0000000000000012   0.0000000000007309   0.0736832599527458   0.0000000000135399   0.0000000000027287   -0.0000000000081489   0.0000000000023539   0.0000000000000766   0.0000000000074532   
 55.0000000000000000   -0.0257310258026748   0.0004678897662155   0.0000000000159196   0.0000000000027999   0.0000000000023354   0.0000000000000042   -0.0000000000000010   0.0000000000004999   0.0736555045578208   0.0000000000135579   0.0000000000027234   -0.0000000000051269   0.0000000000023618   0.0000000000000765   0.0000000000074623   
 60.0000000000000000   -0.0235865460554589   0.0003931517809176   0.0000000000159372   0.0000000000027955   0.0000000000044424   0.0000000000000029   -0.0000000000000008   0.0000000000003535   0.0736326181215390   0.0000000000135689   0.0000000000027190   -0.0000000000030275   0.0000000000023683   0.0000000000000765   0.0000000000074699   
 65.0000000000000000   -0.0217720110883877   0.0003349888553373   0.0000000000159498   0.0000000000027918   0.0000000000059529   0.0000000000000021   -0.0000000000000007   0.0000000000002571   0.0736134251267323   0.0000000000135758   0.0000000000027153   -0.0000000000015235   0.0000000000023739   0.0000000000000765   0.0000000000074763   
 70.0000000000000000   -0.0202167148964387   0.0002888389778205   0.0000000000159590   0.0000000000027886   0.0000000000070644   0.0000000000000016   -0.0000000000000006   0.0000000000001915   0.0735970997235437   0.0000000000135803   0.0000000000027121   -0.0000000000004175   0.0000000000023787   0.0000000000000765   0.0000000000074818   
 75.0000000000000000   -0.0188688069712871   0.0002516080938923   0.0000000000159662   0.0000000000027858   0.0000000000079007   0.0000000000000013   -0.0000000000000005   0.0000000000001457   0.0735830448692606   0.0000000000135833   0.0000000000027094   0.0000000000004141   0.0000000000023829   0.0000000000000765   0.0000000000074866   
 80.0000000000000000   -0.0176893998823871   0.0002211377173081   0.0000000000159717   0.0000000000027834   0.0000000000085424   0.0000000000000010   -0.0000000000000005   0.0000000000001128   0.0735708183070547   0.0000000000135852   0.0000000000027070   0.0000000000010516   0.0000000000023865   0.0000000000000765   0.0000000000074908   
 85.0000000000000000   -0.0166487565329881   0.0001958849060321   0.0000000000159763   0.0000000000027813   0.0000000000090431   0.0000000000000008   -0.0000000000000004   0.0000000000000887   0.0735600855082468   0.0000000000135865   0.0000000000027048   0.0000000000015487   0.0000000000023897   0.0000000000000764   0.0000000000074944   
 90.0000000000000000   -0.0157237483390174   0.0001747230332555   0.0000000000159800   0.0000000000027794   0.0000000000094397   0.0000000000000007   -0.0000000000000004   0.0000000000000708   0.0735505887838131   0.0000000000135874   0.0000000000027029   0.0000000000019420   0.0000000000023926   0.0000000000000764   0.0000000000074977   
 95.0000000000000000   -0.0148961160982959   0.0001568139221505   0.0000000000159831   0.0000000000027776   0.0000000000097581   0.0000000000000006   -0.0000000000000003   0.0000000000000572   0.0735421264390584   0.0000000000135879   0.0000000000027012   0.0000000000022574   0.0000000000023951   0.0000000000000764   0.0000000000075006   
 100.0000000000000000   -0.0141512526077263   0.0001415235579088   0.0000000000159857   0.0000000000027761   0.0000000000100167   0.0000000000000005   -0.0000000000000003   0.0000000000000467   0.0735345383601273   0.0000000000135883   0.0000000000026997   0.0000000000025134   0.0000000000023974   0.0000000000000764   0.0000000000075032   
