 0.0001000000000000   -3.3282195962999999   0.0000000000000000   -0.0047914900000000   0.0018578100000000   -0.0002799200000000   0.0000000000000000   0.0000000000000000   0.0000000000000000   3.6106837500000002   -0.0038619700000000   0.0018578100000000   -0.0002371100000000   -0.0009295200000000   0.0000000000000000   -0.0000428100000000   
 0.0001500000000000   -3.3282195962999999   0.0000000000000000   -0.0047914900000000   0.0018578100000000   -0.0002799200000000   0.0000000000000000   0.0000000000000000   0.0000000000000000   3.6106837500000002   -0.0038619700000000   0.0018578100000000   -0.0002371100000000   -0.0009295200000000   0.0000000000000000   -0.0000428100000000   
 0.0002000000000000   -3.3282195962999999   0.0000000000000000   -0.0047914900000000   0.0018578100000000   -0.0002799200000000   0.0000000000000000   0.0000000000000000   0.0000000000000000   3.6106837500000002   -0.0038619700000000   0.0018578100000000   -0.0002371100000000   -0.0009295200000000   0.0000000000000000   -0.0000428100000000   
 0.0002500000000000   -3.3282195962999999   0.0000000000000000   -0.0047914900000000   0.0018578100000000   -0.0002799200000000   0.0000000000000000   0.0000000000000000   0.0000000000000000   3.6106837500000002   -0.0038619700000000   0.0018578100000000   -0.0002371100000000   -0.0009295200000000   0.0000000000000000   -0.0000428100000000   
 0.0003000000000000   -3.3282195962999999   0.0000000000000000   -0.0047914900000000   0.0018578100000000   -0.0002799200000000   0.0000000000000000   0.0000000000000000   0.0000000000000000   3.6106837500000002   -0.0038619700000000   0.0018578100000000   -0.0002371100000000   -0.0009295200000000   0.0000000000000000   -0.0000428100000000   
 0.0003500000000000   -3.3282195962999999   0.0000000000000000   -0.0047914900000000   0.0018578100000000   -0.0002799200000000   0.0000000000000000   0.0000000000000000   0.0000000000000000   3.6106837500000002   -0.0038619700000000   0.0018578100000000   -0.0002371100000000   -0.0009295200000000   0.0000000000000000   -0.0000428100000000   
 0.0004000000000000   -3.3282195962999999   0.0000000000000000   -0.0047914900000000   0.0018578100000000   -0.0002799200000000   0.0000000000000000   0.0000000000000000   0.0000000000000000   3.6106837500000002   -0.0038619700000000   0.0018578100000000   -0.0002371100000000   -0.0009295200000000   0.0000000000000000   -0.0000428100000000   
 0.0004500000000000   -3.3282195962999999   0.0000000000000000   -0.0047914900000000   0.0018578100000000   -0.0002799200000000   0.0000000000000000   0.0000000000000000   0.0000000000000000   3.6106837500000002   -0.0038619700000000   0.0018578100000000   -0.0002371100000000   -0.0009295200000000   0.0000000000000000   -0.0000428100000000   
 0.0005000000000000   -3.3282195962999999   0.0000000000000000   -0.0047914900000000   0.0018578100000000   -0.0002799200000000   0.0000000000000000   0.0000000000000000   0.0000000000000000   3.6106837500000002   -0.0038619700000000   0.0018578100000000   -0.0002371100000000   -0.0009295200000000   0.0000000000000000   -0.0000428100000000   
 0.0005500000000000   -3.3282195962999999   0.0000000000000000   -0.0047914900000000   0.0018578100000000   -0.0002799200000000   0.0000000000000000   0.0000000000000000   0.0000000000000000   3.6106837500000002   -0.0038619700000000   0.0018578100000000   -0.0002371100000000   -0.0009295200000000   0.0000000000000000   -0.0000428100000000   
 0.0006000000000000   -3.3282195962999999   0.0000000000000000   -0.0047914900000000   0.0018578100000000   -0.0002799200000000   0.0000000000000000   0.0000000000000000   0.0000000000000000   3.6106837500000002   -0.0038619700000000   0.0018578100000000   -0.0002371100000000   -0.0009295200000000   0.0000000000000000   -0.0000428100000000   
 0.0006500000000000   -3.3282195962999999   0.0000000000000000   -0.0047914900000000   0.0018578100000000   -0.0002799200000000   0.0000000000000000   0.0000000000000000   0.0000000000000000   3.6106837500000002   -0.0038619700000000   0.0018578100000000   -0.0002371100000000   -0.0009295200000000   0.0000000000000000   -0.0000428100000000   
 0.0007000000000000   -3.3282195962999999   0.0000000000000000   -0.0047914900000000   0.0018578100000000   -0.0002799200000000   0.0000000000000000   0.0000000000000000   0.0000000000000000   3.6106837500000002   -0.0038619700000000   0.0018578100000000   -0.0002371100000000   -0.0009295200000000   0.0000000000000000   -0.0000428100000000   
 0.0007500000000000   -3.3282195962999999   0.0000000000000000   -0.0047914900000000   0.0018578100000000   -0.0002799200000000   0.0000000000000000   0.0000000000000000   0.0000000000000000   3.6106837500000002   -0.0038619700000000   0.0018578100000000   -0.0002371100000000   -0.0009295200000000   0.0000000000000000   -0.0000428100000000   
 0.0008000000000000   -3.3282195962999999   0.0000000000000000   -0.0047914900000000   0.0018578100000000   -0.0002799200000000   0.0000000000000000   0.0000000000000000   0.0000000000000000   3.6106837500000002   -0.0038619700000000   0.0018578100000000   -0.0002371100000000   -0.0009295200000000   0.0000000000000000   -0.0000428100000000   
 0.0008500000000000   -3.3282195962999999   0.0000000000000000   -0.0047914900000000   0.0018578100000000   -0.0002799200000000   0.0000000000000000   0.0000000000000000   0.0000000000000000   3.6106837500000002   -0.0038619700000000   0.0018578100000000   -0.0002371100000000   -0.0009295200000000   0.0000000000000000   -0.0000428100000000   
 0.0009000000000000   -3.3282195962999999   0.0000000000000000   -0.0047914900000000   0.0018578100000000   -0.0002799200000000   0.0000000000000000   0.0000000000000000   0.0000000000000000   3.6106837500000002   -0.0038619700000000   0.0018578100000000   -0.0002371100000000   -0.0009295200000000   0.0000000000000000   -0.0000428100000000   
 0.0009500000000000   -3.3282195962999999   0.0000000000000000   -0.0047914900000000   0.0018578100000000   -0.0002799200000000   0.0000000000000000   0.0000000000000000   0.0000000000000000   3.6106837500000002   -0.0038619700000000   0.0018578100000000   -0.0002371100000000   -0.0009295200000000   0.0000000000000000   -0.0000428100000000   
 0.0010000000000000   -3.3282195962999999   0.0000000000000000   -0.0047914900000000   0.0018578100000000   -0.0002799200000000   0.0000000000000000   0.0000000000000000   0.0000000000000000   3.6106837500000002   -0.0038619700000000   0.0018578100000000   -0.0002371100000000   -0.0009295200000000   0.0000000000000000   -0.0000428100000000   
 0.0015000000000000   -3.3282195962998102   0.0000000023684758   -0.0047914899999920   0.0018578099999988   -0.0002799199999995   0.0000000001418618   -0.0000000000215877   0.0000000000094928   3.6106837499999296   -0.0038619699999947   0.0018578099999988   -0.0002371099999996   -0.0009295199999973   0.0000000000000000   -0.0000428099999999   
 0.0020000000000000   -3.3282195961624108   0.0000013637979634   -0.0047914899941626   0.0018578099988736   -0.0002799199996294   0.0000000579232842   -0.0000000117104677   0.0000000036219129   3.6106837499565247   -0.0038619699960047   0.0018578099988736   -0.0002371099997140   -0.0009295199981578   0.0000000000000000   -0.0000428099999155   
 0.0025000000000000   -3.3282195889308146   0.0000471399630442   -0.0047914896861094   0.0018578099254366   -0.0002799199815104   0.0000020106710741   -0.0000005044641094   0.0000001156970526   3.6106837480248215   -0.0038619697774927   0.0018578099254366   -0.0002371099850864   -0.0009295199086167   0.0000000000000000   -0.0000428099964240   
 0.0030000000000000   -3.3282194892815480   0.0004793554195557   -0.0047914854194808   0.0018578087282810   -0.0002799197489017   0.0000205645905397   -0.0000060507646347   0.0000010925484451   3.6106837249017727   -0.0038619666525180   0.0018578087282810   -0.0002371097901718   -0.0009295187669627   0.0000000000000000   -0.0000428099587300   
 0.0035000000000000   -3.3282188610097716   0.0024399557567133   -0.0047914583549655   0.0018578001279228   -0.0002799183764274   0.0001053756342388   -0.0000348632227112   0.0000052012481446   3.6106835917431357   -0.0038619462832779   0.0018578001279228   -0.0002371086076735   -0.0009295120716876   0.0000000000000000   -0.0000428097687539   
 0.0040000000000000   -3.3282164380271118   0.0080901568777492   -0.0047913532564908   0.0018577634123178   -0.0002799133942003   0.0003519772251437   -0.0001270640310092   0.0000162457623580   3.6106830938824235   -0.0038618654106673   0.0018577634123178   -0.0002371042338633   -0.0009294878458235   0.0000000000000000   -0.0000428091603370   
 0.0045000000000000   -3.3282096925144482   0.0202059921168066   -0.0047910584614165   0.0018576527123296   -0.0002799002631183   0.0008860321917174   -0.0003415560831422   0.0000384628360379   3.6106816764770717   -0.0038616345519920   0.0018576527123296   -0.0002370925760987   -0.0009294239094245   0.0000000000000000   -0.0000428076870196   
 0.0050000000000000   -3.3281947061223547   0.0414519922031786   -0.0047903983208731   0.0018573907113432   -0.0002798725038730   0.0018325182102319   -0.0007425673594769   0.0000751850946085   3.6106783310661767   -0.0038611105242452   0.0018573907113432   -0.0002370677944078   -0.0009292877966280   0.0000000000000000   -0.0000428047094653   
 0.0055000000000000   -3.3281663885085666   0.0737753248758099   -0.0047891407980124   0.0018568698731611   -0.0002798223790481   0.0032883969552187   -0.0013845143070350   0.0001280380459098   3.6106714663206838   -0.0038601019799412   0.0018568698731611   -0.0002370229794385   -0.0009290388180712   0.0000000000000000   -0.0000427993996096   
 0.0060000000000000   -3.3281189221477381   0.1181162512489367   -0.0047870157460941   0.0018559601724848   -0.0002797418047447   0.0053077974176357   -0.0023018009182242   0.0001968059449283   3.6106588514263454   -0.0038583846514928   0.0018559601724848   -0.0002369510320406   -0.0009286310946013   0.0000000000000000   -0.0000427907727040   
 0.0065000000000000   -3.3280462760314449   0.1744064515687111   -0.0047837374007512   0.0018545202578150   -0.0002796232052734   0.0078994551892521   -0.0035052290115708   0.0002797466080489   3.6106376557955842   -0.0038557207289326   0.0018545202578150   -0.0002368454545315   -0.0009280166718186   0.0000000000000000   -0.0000427777507420   
 0.0070000000000000   -3.3279426714163960   0.2417426123588252   -0.0047790259259512   0.0018524090245080   -0.0002794601548531   0.0110322877574469   -0.0049835828392201   0.0003740897309075   3.6106045758922942   -0.0038518776560713   0.0018524090245080   -0.0002367009086936   -0.0009271482698798   0.0000000000000000   -0.0000427592461596   
 0.0075000000000000   -3.3278029397787625   0.3186290839431018   -0.0047726250491953   0.0018494955795089   -0.0002792477644308   0.0146448367191774   -0.0067081082686444   0.0004765360423433   3.6105560187582171   -0.0038466435369922   0.0018494955795089   -0.0002365135162649   -0.0009259815122031   0.0000000000000000   -0.0000427342481658   
 0.0080000000000000   -3.3276227575628714   0.4032195179692888   -0.0047643146742018   0.0018456666550026   -0.0002789828389968   0.0186555230483987   -0.0086379767213959   0.0005836675595607   3.6104883066498243   -0.0038398380605370   0.0018456666550026   -0.0002362809425221   -0.0009244766136648   0.0000000000000000   -0.0000427018964747   
 0.0085000000000000   -3.3273987683636714   0.4935218834508213   -0.0047539185497263   0.0018408313106228   -0.0002786638583059   0.0229719694427366   -0.0107255211988132   0.0006922429721429   3.6103978728829182   -0.0038313189857298   0.0018408313106228   -0.0002360023247191   -0.0009225995639965   0.0000000000000000   -0.0000426615335868   
 0.0090000000000000   -3.3271286146057233   0.5875548398103512   -0.0047413076868402   0.0018349232107734   -0.0002782908374274   0.0274986153135271   -0.0129206390981263   0.0007993857667047   3.6102814289462071   -0.0038209848238532   0.0018349232107734   -0.0002356781044398   -0.0009203228629869   0.0000000000000000   -0.0000426127329875   
 0.0095000000000000   -3.3268109031104474   0.6834566758277467   -0.0047264004403525   0.0018279009559271   -0.0002778651158209   0.0321424493984165   -0.0151741643526794   0.0009026858540033   3.6101360927314232   -0.0038087745685926   0.0018279009559271   -0.0002353098108372   -0.0009176258717599   0.0000000000000000   -0.0000425553049836   
 0.0100000000000000   -3.3264451266246620   0.7795539475097257   -0.0047091601689705   0.0018197469817473   -0.0002773891124347   0.0368170011076294   -0.0174402411930088   0.0010002375000994   3.6099594753347342   -0.0037946653228205   0.0018197469817473   -0.0002348998281783   -0.0009144948461500   0.0000000000000000   -0.0000424892842564   
 0.0150000000000000   -3.3204442429366248   1.5425805828152133   -0.0044231332503301   0.0016840874186354   -0.0002707196677543   0.0733378894987128   -0.0345463962113958   0.0015362292143308   3.6063166844544363   -0.0035627694622439   0.0016840874186354   -0.0002292600617332   -0.0008603637880862   0.0000000000000000   -0.0000414596060211   
 0.0200000000000000   -3.3117941756247933   1.8619008840925488   -0.0040225302989252   0.0014986282458083   -0.0002628240738122   0.0830767695034120   -0.0377049445783595   0.0015979499358895   3.6000036358648733   -0.0032432917518232   0.0014986282458083   -0.0002227205251175   -0.0007792385471020   0.0000000000000000   -0.0000401035486948   
 0.0250000000000000   -3.3021189863632463   1.9995115351946424   -0.0036175986964540   0.0013192698662059   -0.0002546755523969   0.0775032373491275   -0.0334155226171848   0.0016807854945716   3.5925560092874669   -0.0029246571234376   0.0013192698662059   -0.0002161457991942   -0.0006929415730164   0.0000000000000000   -0.0000385297532027   
 0.0300000000000000   -3.2917746709096098   2.1464462127913153   -0.0032540447634180   0.0011669060626507   -0.0002458507816233   0.0677660166455075   -0.0275393766428386   0.0018587814854787   3.5847945239425494   -0.0026410854861790   0.0011669060626507   -0.0002092119167809   -0.0006129592772390   0.0000000000000000   -0.0000366388648424   
 0.0350000000000000   -3.2805681743351038   2.3431177898420770   -0.0029389733931407   0.0010425894266118   -0.0002360692888003   0.0584993302223453   -0.0223792905693069   0.0020489832118831   3.5768539755987234   -0.0023964275480564   0.0010425894266118   -0.0002016200365494   -0.0005425458450843   0.0000000000000000   -0.0000344492522509   
 0.0400000000000000   -3.2683054421659068   2.5623898439874893   -0.0026662704106025   0.0009410631293334   -0.0002254526238078   0.0508651698134094   -0.0184310612206411   0.0021857025942048   3.5685806529189463   -0.0021848450354980   0.0009410631293334   -0.0001933640582395   -0.0004814253751046   0.0000000000000000   -0.0000320885655683   
 0.0450000000000000   -3.2549709951670400   2.7660842487163979   -0.0024277169018430   0.0008564720185175   -0.0002143416243452   0.0447863627894352   -0.0155632388171919   0.0022457225075358   3.5597871758306430   -0.0019994054772182   0.0008564720185175   -0.0001846372735438   -0.0004283114246248   0.0000000000000000   -0.0000297043508013   
 0.0500000000000000   -3.2407158955613324   2.9275441998755980   -0.0022164348847576   0.0007840908312311   -0.0002031161494898   0.0398923104833283   -0.0135004374034835   0.0022336697907962   3.5503646269191411   -0.0018345642579980   0.0007840908312311   -0.0001757046899802   -0.0003818706267596   0.0000000000000000   -0.0000274114595097   
 0.0550000000000000   -3.2257852225957708   3.0356046276507129   -0.0020274037532730   0.0007205556214917   -0.0001920972258585   0.0358357707287885   -0.0119870626096819   0.0021662905571640   3.5403070971768535   -0.0016864087994219   0.0007205556214917   -0.0001668187018321   -0.0003409949538510   0.0000000000000000   -0.0000252785240265   
 0.0600000000000000   -3.2104479293868771   3.0910392833331346   -0.0018571040650075   0.0006636305524236   -0.0001815136925508   0.0323661294941761   -0.0108295731166033   0.0020625432724814   3.5296925238296843   -0.0015522807074955   0.0006636305524236   -0.0001581792014928   -0.0003048233575120   0.0000000000000000   -0.0000233344910580   
 0.0650000000000000   -3.1949500271220903   3.1014368591066948   -0.0017030365591258   0.0006118893718233   -0.0001715048807929   0.0293221222377368   -0.0098960079958503   0.0019387991516310   3.5186493153667473   -0.0014303437448343   0.0006118893718233   -0.0001499236356579   -0.0002726928142915   0.0000000000000000   -0.0000215812451350   
 0.0700000000000000   -3.1794915701177815   3.0770237455986309   -0.0015633388232351   0.0005644384623792   -0.0001621384136742   0.0266058067048074   -0.0091027631112851   0.0018072915569667   3.5073252181513315   -0.0013192559106170   0.0005644384623792   -0.0001421330184187   -0.0002440829126181   0.0000000000000000   -0.0000200053952555   
 0.0750000000000000   -3.1642206750274156   3.0280321935094894   -0.0014365312446062   0.0005207120969322   -0.0001534310144981   0.0241585562556217   -0.0084000163736743   0.0016762469590704   3.4958649286925749   -0.0012179590212314   0.0005207120969322   -0.0001348441352811   -0.0002185722233748   0.0000000000000000   -0.0000185868792170   
 0.0800000000000000   -3.1492372493250134   2.9633790839389551   -0.0013213660085745   0.0004803349231656   -0.0001453666934779   0.0219440297910007   -0.0077597205299449   0.0015506761895790   3.4843970177762458   -0.0011255577131200   0.0004803349231656   -0.0001280623797946   -0.0001958082954545   0.0000000000000000   -0.0000173043136833   
 0.0850000000000000   -3.1346009800293775   2.8902092686284830   -0.0012167444000581   0.0004430360795711   -0.0001379105508168   0.0199376132486156   -0.0071669499725030   0.0014332759898305   3.4730281648357089   -0.0010412560354703   0.0004430360795711   -0.0001217727063196   -0.0001754883645878   0.0000000000000000   -0.0000161378444972   
 0.0900000000000000   -3.1203402794155877   2.8139149304673836   -0.0011216745373968   0.0004085989624760   -0.0001310183347067   0.0181204854286887   -0.0066141789434039   0.0013252039822889   3.4618421878657184   -0.0009643272080131   0.0004085989624760   -0.0001159479788801   -0.0001573473293837   0.0000000000000000   -0.0000150703558266   
 0.0950000000000000   -3.1064605160498853   2.7383686871391193   -0.0010352509154008   0.0003768338256082   -0.0001246425976222   0.0164765779825844   -0.0060977431170371   0.0012266621969056   3.4509017596941387   -0.0008941006511893   0.0003768338256082   -0.0001105548704088   -0.0001411502642115   0.0000000000000000   -0.0000140877272134   
 0.1000000000000000   -3.0929508786105786   2.6662196775408376   -0.0009566446128995   0.0003475641090294   -0.0001187363949108   0.0149911834968230   -0.0056157812656012   0.0011373019671527   3.4402513427035797   -0.0008299570014037   0.0003475641090294   -0.0001055577869586   -0.0001266876114958   0.0000000000000000   -0.0000131786079522   
 0.1500000000000000   -2.9718512368145276   2.2805857444703448   -0.0004642869737170   0.0001579391403885   -0.0000775165340920   0.0061833710233678   -0.0024086429343103   0.0005963586042389   3.3520751830214959   -0.0004197294978510   0.0001579391403885   -0.0000707073499249   -0.0000445574758661   0.0000000000000000   -0.0000068091841672   
 0.2000000000000000   -2.8576568942323144   2.3267722721791007   -0.0002499932704561   0.0000759523273428   -0.0000541892546575   0.0028855394298125   -0.0010665728953080   0.0003643045014010   3.2915457684254918   -0.0002331444125653   0.0000759523273427   -0.0000506908525443   -0.0000168488578908   0.0000000000000000   -0.0000034984021132   
 0.2500000000000000   -2.7375081144891658   2.4797470420555356   -0.0001452268247721   0.0000386956862707   -0.0000393296873555   0.0014879100485800   -0.0005014257781315   0.0002413453421938   3.2482991542118635   -0.0001384031737670   0.0000386956862704   -0.0000375160154808   -0.0000068236510051   0.0000000000000003   -0.0000018136718747   
 0.3000000000000000   -2.6104651999889450   2.5892899997155907   -0.0000892967263095   0.0000207364112560   -0.0000292603507475   0.0008256992542990   -0.0002491823710333   0.0001670881859068   3.2158526021390608   -0.0000863578463697   0.0000207364112550   -0.0000283002704017   -0.0000029388799398   0.0000000000000010   -0.0000009600803458   
 0.3500000000000000   -2.4799792307730919   2.6162593134563941   -0.0000574245529279   0.0000116136819424   -0.0000221923084841   0.0004845970696088   -0.0001299357615934   0.0001188974234167   3.1905689845796332   -0.0000560865489011   0.0000116136819399   -0.0000216706538479   -0.0000013380040268   0.0000000000000025   -0.0000005216546363   
 0.4000000000000000   -2.3500940103913401   2.5683287959365861   -0.0000383173871048   0.0000067638713608   -0.0000171126502913   0.0002974337288948   -0.0000706738976816   0.0000863292467529   3.1703040295611302   -0.0000376766159689   0.0000067638713562   -0.0000168211432127   -0.0000006407711358   0.0000000000000046   -0.0000002915070787   
 0.4500000000000000   -2.2240370855617311   2.4669109280156287   -0.0000263805686114   0.0000040799450325   -0.0000133941567377   0.0001894847206885   -0.0000399144660256   0.0000637457049237   3.1537095239567514   -0.0000260591536998   0.0000040799450253   -0.0000132265581066   -0.0000003214149116   0.0000000000000072   -0.0000001675986311   
 0.5000000000000000   -2.1039386732189738   2.3331778212175571   -0.0000186599339668   0.0000025401563013   -0.0000106283610082   0.0001246186388069   -0.0000233216347523   0.0000477847509543   3.1398884524030306   -0.0000184917151383   0.0000025401562914   -0.0000105292733605   -0.0000001682188285   0.0000000000000100   -0.0000000990876477   
 0.5500000000000000   -1.9909799556038046   2.1836319220622005   -0.0000135146720745   0.0000016274696522   -0.0000085410930847   0.0000842622267332   -0.0000140542643186   0.0000363228377281   3.1282163507612673   -0.0000134231361354   0.0000016274696395   -0.0000084809150718   -0.0000000915359391   0.0000000000000127   -0.0000000601780129   
 0.6000000000000001   -1.8856463028104218   2.0296979191541693   -0.0000099946873534   0.0000010701735300   -0.0000069444670056   0.0000583858811937   -0.0000087117658223   0.0000279724782664   3.1182428743196482   -0.0000099430694718   0.0000010701735147   -0.0000069069751180   -0.0000000516178816   0.0000000000000153   -0.0000000374918876   
 0.6500000000000000   -1.7879604045530724   1.8786500149988581   -0.0000075300385999   0.0000007205230046   -0.0000057075957553   0.0000413471632089   -0.0000055412245528   0.0000218067641239   3.1096341507647316   -0.0000074999640780   0.0000007205229869   -0.0000056836699007   -0.0000000300745220   0.0000000000000177   -0.0000000239258546   
 0.7000000000000001   -1.6976609903682773   1.7347539593994872   -0.0000057681667160   0.0000004956377502   -0.0000047379808973   0.0000298586758435   -0.0000036087925070   0.0000171960190243   3.1021371356158145   -0.0000057501116955   0.0000004956377304   -0.0000047223652394   -0.0000000180550205   0.0000000000000198   -0.0000000156156579   
 0.7500000000000000   -1.6143279253819303   1.6002400976452620   -0.0000044849841715   0.0000003476728058   -0.0000039693803546   0.0000219456740890   -0.0000024017063341   0.0000137063644657   3.0955565427182505   -0.0000044738433874   0.0000003476727841   -0.0000039589725554   -0.0000000111407841   0.0000000000000216   -0.0000000104077992   
 0.8000000000000000   -1.5374648448944319   1.4760281474278922   -0.0000035345625524   0.0000002482680687   -0.0000033537557811   0.0000163893177141   -0.0000016304454787   0.0000110349366886   3.0897393455125552   -0.0000035275128629   0.0000002482680454   -0.0000033466822708   -0.0000000070496895   0.0000000000000232   -0.0000000070735103   
 0.8500000000000001   -1.4665512767109878   1.3622309877719898   -0.0000028197688885   0.0000001801968099   -0.0000028558498107   0.0000124187814469   -0.0000011272536374   0.0000089677191032   3.0845640444385025   -0.0000028152035790   0.0000001801967852   -0.0000028509542943   -0.0000000045653094   0.0000000000000247   -0.0000000048955164   
 0.8999999999999999   -1.4010740034842908   1.2584902115561460   -0.0000022746516950   0.0000001327552875   -0.0000024494872002   0.0000095357067089   -0.0000007925633291   0.0000073516907473   3.0799330488061383   -0.0000022716316855   0.0000001327552616   -0.0000024460413025   -0.0000000030200095   0.0000000000000259   -0.0000000034458977   
 0.9500000000000001   -1.3405448038606924   1.1641927931240066   -0.0000018536113671   0.0000000991516520   -0.0000021150214327   0.0000074113477987   -0.0000005659425263   0.0000060761972258   3.0757671574413799   -0.0000018515740954   0.0000000991516251   -0.0000021125574148   -0.0000000020372717   0.0000000000000269   -0.0000000024640179   
 1.0000000000000000   -1.2845095091313399   1.0786072289145821   -0.0000015245911511   0.0000000749914725   -0.0000018375517002   0.0000058248119169   -0.0000004099405846   0.0000050603445474   3.0720014900929065   -0.0000015231918205   0.0000000749914447   -0.0000018357637145   -0.0000000013993306   0.0000000000000279   -0.0000000017879857   
 1.5000000000000000   -0.8969022047325619   0.5519853175976932   -0.0000003152391540   0.0000000076910814   -0.0000005833206332   0.0000008277945010   -0.0000000295062830   0.0000011240780708   3.0479028727446416   -0.0000003151720760   0.0000000076910486   -0.0000005831837411   -0.0000000000670780   0.0000000000000328   -0.0000000001368921   
 2.0000000000000000   -0.6842102752560094   0.3270028419579894   -0.0000001008581415   0.0000000014268377   -0.0000002519187922   0.0000002006842882   -0.0000000042572682   0.0000003705666097   3.0357959097898228   -0.0000001008531051   0.0000000014268031   -0.0000002518940654   -0.0000000000050364   0.0000000000000346   -0.0000000000247268   
 2.5000000000000000   -0.5517464884859364   0.2144382218654954   -0.0000000414135496   0.0000000003671719   -0.0000001302889695   0.0000000662086003   -0.0000000009135577   0.0000001545700067   3.0285539592837267   -0.0000000414152756   0.0000000003671364   -0.0000001302800740   0.0000000000017259   0.0000000000000355   -0.0000000000088955   
 3.0000000000000000   -0.4617837233089828   0.1509047379852506   -0.0000000199667645   0.0000000001146637   -0.0000000757744487   0.0000000266579796   -0.0000000002515877   0.0000000752376279   3.0237454385209630   -0.0000000199695255   0.0000000001146277   -0.0000000757690173   0.0000000000027609   0.0000000000000360   -0.0000000000054314   
 3.5000000000000000   -0.3968443582677014   0.1117584475453039   -0.0000000107643411   0.0000000000399506   -0.0000000478450519   0.0000000123338863   -0.0000000000817566   0.0000000408234193   3.0203235782990894   -0.0000000107671763   0.0000000000399143   -0.0000000478406268   0.0000000000028352   0.0000000000000364   -0.0000000000044251   
 4.0000000000000000   -0.3478205452692684   0.0860084904293711   -0.0000000062996367   0.0000000000144369   -0.0000000321000265   0.0000000063215348   -0.0000000000296966   0.0000000240044909   3.0177654386741222   -0.0000000063023437   0.0000000000144003   -0.0000000320959535   0.0000000000027070   0.0000000000000366   -0.0000000000040730   
 4.5000000000000000   -0.3095256849355189   0.0681973959382043   -0.0000000039256637   0.0000000000048597   -0.0000000225636346   0.0000000035044347   -0.0000000000115830   0.0000000150150354   3.0157812169575422   -0.0000000039282041   0.0000000000048229   -0.0000000225596997   0.0000000000025403   0.0000000000000368   -0.0000000000039348   
 5.0000000000000000   -0.2787976268235786   0.0553786029262338   -0.0000000025705207   0.0000000000010563   -0.0000000164561957   0.0000000020670519   -0.0000000000046805   0.0000000098637115   3.0141975344744325   -0.0000000025728977   0.0000000000010194   -0.0000000164523178   0.0000000000023770   0.0000000000000369   -0.0000000000038779   
 5.5000000000000000   -0.2536019189827105   0.0458519088088573   -0.0000000017519026   -0.0000000000004823   -0.0000000123662375   0.0000000012820659   -0.0000000000018779   0.0000000067426017   3.0129043763889669   -0.0000000017541304   -0.0000000000005193   -0.0000000123623821   0.0000000000022278   0.0000000000000370   -0.0000000000038554   
 6.0000000000000000   -0.2325715871476232   0.0385820494392342   -0.0000000012340015   -0.0000000000010840   -0.0000000095254688   0.0000000008289115   -0.0000000000006947   0.0000000047633376   3.0118285974374737   -0.0000000012360958   -0.0000000000011212   -0.0000000095216203   0.0000000000020943   0.0000000000000371   -0.0000000000038485   
 6.5000000000000000   -0.2147547595688293   0.0329100561259830   -0.0000000008935108   -0.0000000000012870   -0.0000000074914047   0.0000000005549614   -0.0000000000001885   0.0000000034595658   3.0109196840540626   -0.0000000008954864   -0.0000000000013243   -0.0000000074875557   0.0000000000019756   0.0000000000000372   -0.0000000000038490   
 7.0000000000000000   -0.1994685218580281   0.0284006032210599   -0.0000000006622689   -0.0000000000013205   -0.0000000059969925   0.0000000003827634   0.0000000000000231   0.0000000025726907   3.0101416364023330   -0.0000000006641388   -0.0000000000013578   -0.0000000059931394   0.0000000000018700   0.0000000000000373   -0.0000000000038531   
 7.5000000000000000   -0.1862103482484667   0.0247568882214658   -0.0000000005007957   -0.0000000000012853   -0.0000000048745744   0.0000000002708507   0.0000000000001037   0.0000000019525496   3.0094681085038362   -0.0000000005025714   -0.0000000000013227   -0.0000000048707155   0.0000000000017757   0.0000000000000373   -0.0000000000038589   
 8.0000000000000000   -0.1746023170905074   0.0217709898134375   -0.0000000003852948   -0.0000000000012264   -0.0000000040152860   0.0000000001959859   0.0000000000001258   0.0000000015084410   3.0088793774350555   -0.0000000003869861   -0.0000000000012638   -0.0000000040114206   0.0000000000016913   0.0000000000000374   -0.0000000000038654   
 8.5000000000000000   -0.1643547946485565   0.0192937799486011   -0.0000000003009214   -0.0000000000011636   -0.0000000033463502   0.0000000001446234   0.0000000000001228   0.0000000011836821   3.0083603862882695   -0.0000000003025366   -0.0000000000012010   -0.0000000033424781   0.0000000000016153   0.0000000000000374   -0.0000000000038721   
 9.0000000000000000   -0.1552421057777329   0.0172160682518203   -0.0000000002381328   -0.0000000000011052   -0.0000000028178610   0.0000000001085917   0.0000000000001098   0.0000000009417810   3.0078994420265359   -0.0000000002396794   -0.0000000000011427   -0.0000000028139824   0.0000000000015466   0.0000000000000375   -0.0000000000038787   
 9.5000000000000000   -0.1470858211838581   0.0154564350135981   -0.0000000001906313   -0.0000000000010542   -0.0000000023948212   0.0000000000828098   0.0000000000000940   0.0000000007586214   3.0074873261700619   -0.0000000001921155   -0.0000000000010917   -0.0000000023909362   0.0000000000014842   0.0000000000000375   -0.0000000000038850   
 10.0000000000000000   -0.1397430200195945   0.0139531749750713   -0.0000000001541616   -0.0000000000010112   -0.0000000020521955   0.0000000000640328   0.0000000000000784   0.0000000006178913   3.0071166733386643   -0.0000000001555890   -0.0000000000010487   -0.0000000020483044   0.0000000000014274   0.0000000000000376   -0.0000000000038911   
 15.0000000000000000   -0.0931990405475966   0.0062096570141316   -0.0000000000259758   -0.0000000000008544   -0.0000000006030361   0.0000000000083800   0.0000000000000056   0.0000000001219969   3.0047748892835404   -0.0000000000270283   -0.0000000000008921   -0.0000000005991007   0.0000000000010525   0.0000000000000378   -0.0000000000039354   
 20.0000000000000000   -0.0699075744660567   0.0034944145863738   -0.0000000000045491   -0.0000000000008598   -0.0000000002504556   0.0000000000019745   -0.0000000000000044   0.0000000000385835   3.0036078004734548   -0.0000000000054047   -0.0000000000008977   -0.0000000002464951   0.0000000000008556   0.0000000000000379   -0.0000000000039605   
 25.0000000000000000   -0.0559286069577735   0.0022368227686406   0.0000000000012578   -0.0000000000008846   -0.0000000001249491   0.0000000000006406   -0.0000000000000050   0.0000000000157987   3.0029088060876639   0.0000000000005232   -0.0000000000009225   -0.0000000001209728   0.0000000000007345   0.0000000000000379   -0.0000000000039763   
 30.0000000000000000   -0.0466080895253703   0.0015534833591276   0.0000000000033193   -0.0000000000009079   -0.0000000000694888   0.0000000000002539   -0.0000000000000043   0.0000000000076172   3.0024433439692966   0.0000000000026667   -0.0000000000009459   -0.0000000000655018   0.0000000000006526   0.0000000000000380   -0.0000000000039871   
 35.0000000000000000   -0.0399501432870002   0.0011413872218080   0.0000000000041886   -0.0000000000009271   -0.0000000000412872   0.0000000000001152   -0.0000000000000035   0.0000000000041110   3.0021111356506620   0.0000000000035951   -0.0000000000009651   -0.0000000000372923   0.0000000000005935   0.0000000000000380   -0.0000000000039949   
 40.0000000000000000   -0.0349565064284757   0.0008738972362236   0.0000000000046011   -0.0000000000009427   -0.0000000000254571   0.0000000000000575   -0.0000000000000028   0.0000000000024095   3.0018621252725319   0.0000000000040522   -0.0000000000009807   -0.0000000000214563   0.0000000000005489   0.0000000000000380   -0.0000000000040008   
 45.0000000000000000   -0.0310724880188499   0.0006904971055273   0.0000000000048141   -0.0000000000009554   -0.0000000000158943   0.0000000000000308   -0.0000000000000023   0.0000000000015041   3.0016685374714633   0.0000000000043001   -0.0000000000009934   -0.0000000000118888   0.0000000000005140   0.0000000000000380   -0.0000000000040054   
 50.0000000000000000   -0.0279652365688761   0.0005593076006941   0.0000000000049310   -0.0000000000009658   -0.0000000000097800   0.0000000000000174   -0.0000000000000019   0.0000000000009868   3.0015137222440709   0.0000000000044451   -0.0000000000010039   -0.0000000000057709   0.0000000000004859   0.0000000000000380   -0.0000000000040092   
 55.0000000000000000   -0.0254229223891367   0.0004622400499462   0.0000000000049983   -0.0000000000009746   -0.0000000000056899   0.0000000000000102   -0.0000000000000016   0.0000000000006740   3.0013870917401784   0.0000000000045354   -0.0000000000010126   -0.0000000000016776   0.0000000000004629   0.0000000000000380   -0.0000000000040122   
 60.0000000000000000   -0.0233043189574615   0.0003884111304858   0.0000000000050381   -0.0000000000009820   -0.0000000000028509   0.0000000000000061   -0.0000000000000014   0.0000000000004759   3.0012815914856601   0.0000000000045945   -0.0000000000010200   0.0000000000011639   0.0000000000004437   0.0000000000000380   -0.0000000000040148   
 65.0000000000000000   -0.0215116508622384   0.0003309543047545   0.0000000000050622   -0.0000000000009883   -0.0000000000008190   0.0000000000000037   -0.0000000000000012   0.0000000000003455   3.0011923399503186   0.0000000000046349   -0.0000000000010264   0.0000000000031979   0.0000000000004274   0.0000000000000381   -0.0000000000040170   
 70.0000000000000000   -0.0199750769159331   0.0002853637718681   0.0000000000050769   -0.0000000000009938   0.0000000000006734   0.0000000000000023   -0.0000000000000010   0.0000000000002569   3.0011158517278891   0.0000000000046636   -0.0000000000010318   0.0000000000046922   0.0000000000004133   0.0000000000000381   -0.0000000000040188   
 75.0000000000000000   -0.0186433794066414   0.0002485834960517   0.0000000000050858   -0.0000000000009986   0.0000000000017941   0.0000000000000014   -0.0000000000000009   0.0000000000001950   3.0010495717281662   0.0000000000046846   -0.0000000000010366   0.0000000000058146   0.0000000000004012   0.0000000000000381   -0.0000000000040205   
 80.0000000000000000   -0.0174781445958346   0.0002184814511203   0.0000000000050910   -0.0000000000010028   0.0000000000026521   0.0000000000000008   -0.0000000000000008   0.0000000000001506   3.0009915841988044   0.0000000000047005   -0.0000000000010409   0.0000000000066740   0.0000000000003905   0.0000000000000381   -0.0000000000040219   
 85.0000000000000000   -0.0164499970198829   0.0001935335704679   0.0000000000050939   -0.0000000000010065   0.0000000000033200   0.0000000000000004   -0.0000000000000007   0.0000000000001182   3.0009404245293028   0.0000000000047128   -0.0000000000010446   0.0000000000073432   0.0000000000003811   0.0000000000000381   -0.0000000000040232   
 90.0000000000000000   -0.0155360889540301   0.0001726269848621   0.0000000000050953   -0.0000000000010098   0.0000000000038477   0.0000000000000002   -0.0000000000000006   0.0000000000000940   3.0008949538355614   0.0000000000047225   -0.0000000000010479   0.0000000000078720   0.0000000000003727   0.0000000000000381   -0.0000000000040243   
 95.0000000000000000   -0.0147183826400669   0.0001549337363288   0.0000000000050956   -0.0000000000010128   0.0000000000042702   -0.0000000000000000   -0.0000000000000006   0.0000000000000758   3.0008542731784500   0.0000000000047304   -0.0000000000010509   0.0000000000082955   0.0000000000003652   0.0000000000000381   -0.0000000000040253   
 100.0000000000000000   -0.0139824478254386   0.0001398275287919   0.0000000000050953   -0.0000000000010155   0.0000000000046124   -0.0000000000000001   -0.0000000000000005   0.0000000000000617   3.0008176635354760   0.0000000000047368   -0.0000000000010536   0.0000000000086386   0.0000000000003585   0.0000000000000381   -0.0000000000040262   
