 0.0001000000000000   -3.2818903195000000   0.0000000000000000   -0.0017403850000000   0.0006573900000000   -0.0002064600000000   0.0000000000000000   0.0000000000000000   -0.0000000000108420   0.9422231599999999   -0.0014644900000000   0.0006573900000000   -0.0001397350000000   -0.0002758950000000   0.0000000000000000   -0.0000667250000000   
 0.0001500000000000   -3.2818903195000000   0.0000000000000000   -0.0017403850000000   0.0006573900000000   -0.0002064600000000   0.0000000000000000   0.0000000000000000   -0.0000000000048187   0.9422231599999999   -0.0014644900000000   0.0006573900000000   -0.0001397350000000   -0.0002758950000000   0.0000000000000000   -0.0000667250000000   
 0.0002000000000000   -3.2818903195000000   0.0000000000000000   -0.0017403850000000   0.0006573900000000   -0.0002064600000000   0.0000000000000000   0.0000000000000000   -0.0000000000027105   0.9422231599999999   -0.0014644900000000   0.0006573900000000   -0.0001397350000000   -0.0002758950000000   0.0000000000000000   -0.0000667250000000   
 0.0002500000000000   -3.2818903195000000   0.0000000000000000   -0.0017403850000000   0.0006573900000000   -0.0002064600000000   0.0000000000000000   0.0000000000000000   -0.0000000000017347   0.9422231599999999   -0.0014644900000000   0.0006573900000000   -0.0001397350000000   -0.0002758950000000   0.0000000000000000   -0.0000667250000000   
 0.0003000000000000   -3.2818903195000000   0.0000000000000000   -0.0017403850000000   0.0006573900000000   -0.0002064600000000   0.0000000000000000   0.0000000000000000   -0.0000000000012047   0.9422231599999999   -0.0014644900000000   0.0006573900000000   -0.0001397350000000   -0.0002758950000000   0.0000000000000000   -0.0000667250000000   
 0.0003500000000000   -3.2818903195000000   0.0000000000000000   -0.0017403850000000   0.0006573900000000   -0.0002064600000000   0.0000000000000000   0.0000000000000000   -0.0000000000008851   0.9422231599999999   -0.0014644900000000   0.0006573900000000   -0.0001397350000000   -0.0002758950000000   0.0000000000000000   -0.0000667250000000   
 0.0004000000000000   -3.2818903195000000   0.0000000000000000   -0.0017403850000000   0.0006573900000000   -0.0002064600000000   0.0000000000000000   0.0000000000000000   -0.0000000000006776   0.9422231599999999   -0.0014644900000000   0.0006573900000000   -0.0001397350000000   -0.0002758950000000   0.0000000000000000   -0.0000667250000000   
 0.0004500000000000   -3.2818903195000000   0.0000000000000000   -0.0017403850000000   0.0006573900000000   -0.0002064600000000   0.0000000000000000   0.0000000000000000   -0.0000000000005354   0.9422231599999999   -0.0014644900000000   0.0006573900000000   -0.0001397350000000   -0.0002758950000000   0.0000000000000000   -0.0000667250000000   
 0.0005000000000000   -3.2818903195000000   0.0000000000000000   -0.0017403850000000   0.0006573900000000   -0.0002064600000000   0.0000000000000000   0.0000000000000000   -0.0000000000004337   0.9422231599999999   -0.0014644900000000   0.0006573900000000   -0.0001397350000000   -0.0002758950000000   0.0000000000000000   -0.0000667250000000   
 0.0005500000000000   -3.2818903194999995   0.0000000117445080   -0.0017403850000000   0.0006573900000000   -0.0002064600000000   0.0000000000028673   -0.0000000000014337   0.0000000000003584   0.9422231599999998   -0.0014644900000000   0.0006573900000000   -0.0001397350000000   -0.0002758950000000   0.0000000000000000   -0.0000667250000000   
 0.0006000000000000   -3.2818903195000000   0.0000000000000000   -0.0017403850000000   0.0006573900000000   -0.0002064600000000   -0.0000000000048187   0.0000000000000000   -0.0000000000003012   0.9422231599999995   -0.0014644900000000   0.0006573900000000   -0.0001397350000000   -0.0002758950000000   0.0000000000000000   -0.0000667250000000   
 0.0006500000000000   -3.2818903194999987   0.0000000042043949   -0.0017403850000000   0.0006573900000000   -0.0002064600000000   0.0000000000020529   0.0000000000000000   -0.0000000000005132   0.9422231599999941   -0.0014644900000000   0.0006573900000000   -0.0001397350000000   -0.0002758950000000   0.0000000000000000   -0.0000667250000000   
 0.0007000000000000   -3.2818903194999920   -0.0000000036252180   -0.0017403849999997   0.0006573900000003   -0.0002064600000001   0.0000000000088506   0.0000000000115058   -0.0000000000026552   0.9422231599999482   -0.0014644899999999   0.0006573900000003   -0.0001397350000000   -0.0002758949999999   0.0000000000000000   -0.0000667250000000   
 0.0007500000000000   -3.2818903194999431   0.0000000000000000   -0.0017403849999982   0.0006573900000017   -0.0002064600000003   0.0000000000616791   0.0000000000624500   -0.0000000000121431   0.9422231599996536   -0.0014644899999991   0.0006573900000017   -0.0001397350000002   -0.0002758949999991   0.0000000000000000   -0.0000667250000001   
 0.0008000000000000   -3.2818903194996971   0.0000000138777878   -0.0017403849999907   0.0006573900000091   -0.0002064600000018   0.0000000002927346   0.0000000002839254   -0.0000000000548877   0.9422231599981760   -0.0014644899999954   0.0006573900000091   -0.0001397350000012   -0.0002758949999952   0.0000000000000000   -0.0000667250000005   
 0.0008500000000000   -3.2818903194986881   0.0000000417966315   -0.0017403849999595   0.0006573900000395   -0.0002064600000077   0.0000000011164656   0.0000000010888541   -0.0000000002117383   0.9422231599921019   -0.0014644899999803   0.0006573900000395   -0.0001397350000053   -0.0002758949999792   0.0000000000000000   -0.0000667250000024   
 0.0009000000000000   -3.2818903194951727   0.0000001206168224   -0.0017403849998510   0.0006573900001453   -0.0002064600000283   0.0000000036707605   0.0000000035749224   -0.0000000006954956   0.9422231599709362   -0.0014644899999274   0.0006573900001453   -0.0001397350000196   -0.0002758949999236   0.0000000000000000   -0.0000667250000087   
 0.0009500000000000   -3.2818903194845084   0.0000003444459245   -0.0017403849995215   0.0006573900004662   -0.0002064600000906   0.0000000105794105   0.0000000102963767   -0.0000000020022601   0.9422231599067423   -0.0014644899997668   0.0006573900004662   -0.0001397350000628   -0.0002758949997547   0.0000000000000000   -0.0000667250000278   
 0.0010000000000000   -3.2818903194557443   0.0000008757439218   -0.0017403849986324   0.0006573900013311   -0.0002064600002588   0.0000000272906697   0.0000000265360650   -0.0000000051608023   0.9422231597336471   -0.0014644899993336   0.0006573900013311   -0.0001397350001794   -0.0002758949992989   0.0000000000000000   -0.0000667250000795   
 0.0015000000000000   -3.2818902848201601   0.0003094666251652   -0.0017403839173270   0.0006573910271249   -0.0002064602002110   0.0000096936316998   0.0000091133574452   -0.0000017778163683   0.9422229526883006   -0.0014644894720988   0.0006573910271249   -0.0001397351386656   -0.0002758944452282   0.0000000000000000   -0.0000667250615455   
 0.0020000000000000   -3.2818893150351265   0.0051149129376427   -0.0017403531046407   0.0006574186655547   -0.0002064656096019   0.0001635338427175   0.0001431527631894   -0.0000280582182651   0.9422172355229260   -0.0014644743576869   0.0006574186655547   -0.0001397388903126   -0.0002758787469539   0.0000000000000000   -0.0000667267192893   
 0.0025000000000000   -3.2818824717184234   0.0261140718293973   -0.0017401318661043   0.0006576007211349   -0.0002065013753592   0.0008489504427223   0.0006707502450687   -0.0001319135581150   0.9421776653815062   -0.0014643638974446   0.0006576007211349   -0.0001397638810144   -0.0002757679686598   0.0000000000000000   -0.0000667374943448   
 0.0030000000000000   -3.2818584267313140   0.0755007063288657   -0.0017393462195349   0.0006581789095227   -0.0002066151283694   0.0024721943270493   0.0017240858687658   -0.0003391043280956   0.9420416165816006   -0.0014639592382745   0.0006581789095227   -0.0001398447750262   -0.0002753869812604   -0.0000000000000000   -0.0000667703533432   
 0.0035000000000000   -3.2818012962649261   0.1586707504796379   -0.0017374767396397   0.0006593862536461   -0.0002068521546276   0.0051828261394906   0.0031408082077239   -0.0006152426520254   0.9417251581096586   -0.0014629559340212   0.0006593862536461   -0.0001400185623968   -0.0002745208056185   -0.0000000000000000   -0.0000668335922308   
 0.0040000000000000   -3.2816944643447448   0.2734204483934022   -0.0017340045361242   0.0006613266555622   -0.0002072306306777   0.0088406453495728   0.0046002797157545   -0.0008931833153883   0.9411446302641228   -0.0014610045505376   0.0006613266555622   -0.0001403090002246   -0.0002729999855867   -0.0000000000000000   -0.0000669216304531   
 0.0045000000000000   -3.2815238162176841   0.4124596413767891   -0.0017285310839998   0.0006639429591963   -0.0002077350712506   0.0131269857075822   0.0058022968642988   -0.0011103849133300   0.9402326039231352   -0.0014577799133884   0.0006639429591963   -0.0001407211708297   -0.0002707511706115   -0.0000000000000000   -0.0000670139004209   
 0.0050000000000000   -3.2812795300231761   0.5663532699884399   -0.0017208347626667   0.0006670536391747   -0.0002083242738786   0.0176714307158210   0.0065565557562201   -0.0012280259434252   0.9389453626621077   -0.0014530335906591   0.0006670536391747   -0.0001412441718046   -0.0002678011720076   -0.0000000000000000   -0.0000670801020739   
 0.0055000000000000   -3.2809565556325855   0.7257389259248985   -0.0017108728801324   0.0006704125750205   -0.0002089442196073   0.0221392408904586   0.0067922411498884   -0.0012330578907846   0.9372637933293472   -0.0014466208203935   0.0006704125750205   -0.0001418568243006   -0.0002642520597389   -0.0000000000000000   -0.0000670873953067   
 0.0060000000000000   -3.2805542214621450   0.8826067326871287   -0.0016987516030434   0.0006737625709910   -0.0002095395838374   0.0262735381836401   0.0065298830705791   -0.0011319805605806   0.9351903733779393   -0.0014385042391152   0.0006737625709910   -0.0001425331377299   -0.0002602473639282   -0.0000000000000000   -0.0000670064461075   
 0.0065000000000000   -3.2800754020665299   1.0308200640687459   -0.0016846836563098   0.0006768719444527   -0.0002100614967473   0.0299045763445996   0.0058452264892941   -0.0009428338886067   0.9327444533213114   -0.0014287415856379   0.0006768719444527   -0.0001432463463426   -0.0002559420706719   -0.0000000000000000   -0.0000668151504047   
 0.0070000000000000   -3.2795255581960823   1.1661491314727677   -0.0016689465351885   0.0006795541388355   -0.0002104715473115   0.0329406109461412   0.0048386990080884   -0.0006884633940370   0.9299572689010988   -0.0014174649916592   0.0006795541388355   -0.0001439714531092   -0.0002514815435292   -0.0000000000000000   -0.0000665000942024   
 0.0075000000000000   -3.2789118319980002   1.2860493193519082   -0.0016518475172453   0.0006816743703694   -0.0002107429445766   0.0353512622846491   0.0036142032921167   -0.0003919118269400   0.9268674557696047   -0.0014048578555644   0.0006816743703694   -0.0001446866072328   -0.0002469896616808   -0.0000000000000000   -0.0000660563373439   
 0.0080000000000000   -3.2782422827301398   1.3893407399823143   -0.0016336974321384   0.0006831478985417   -0.0002108598806116   0.0371498875106332   0.0022665215051873   -0.0000737632206529   0.9235173838559539   -0.0013911331885985   0.0006831478985417   -0.0001453736843970   -0.0002425642435398   -0.0000000000000000   -0.0000654861962146   
 0.0085000000000000   -3.2775252875697118   1.4758787573442014   -0.0016147927806562   0.0006839337152131   -0.0002108159499882   0.0383781309544833   0.0008752015998279   0.0002490656101245   0.9199503620535792   -0.0013765154810871   0.0006839337152131   -0.0001460183654820   -0.0002382772995690   -0.0000000000000000   -0.0000647975845062   
 0.0090000000000000   -3.2767690996525936   1.5462590098201818   -0.0015954047772765   0.0006840263346321   -0.0002106122183510   0.0390937468890236   -0.0004972606375875   0.0005635979826335   0.9162086315897757   -0.0013612268061763   0.0006840263346321   -0.0001466099212120   -0.0002341779711001   -0.0000000000000000   -0.0000640022971390   
 0.0095000000000000   -3.2759815412809821   1.6015728486797391   -0.0015757736495036   0.0006834473712131   -0.0002102553016988   0.0393616966341802   -0.0018047022022713   0.0008605380483055   0.9123320157006757   -0.0013454770490957   0.0006834473712131   -0.0001471408392509   -0.0002302966004079   -0.0000000000000000   -0.0000631144624478   
 0.0100000000000000   -3.2751698063277082   1.6432146187028707   -0.0015561066635409   0.0006822378415972   -0.0002097556480576   0.0392480495977395   -0.0030152829267379   0.0011337572457693   0.9083570860458982   -0.0013294577131942   0.0006822378415972   -0.0001476063807097   -0.0002266489503467   -0.0000000000000000   -0.0000621492673479   
 0.0150000000000000   -3.2667677451210007   1.6327548774026155   -0.0013832420239360   0.0006486629329176   -0.0001998568480940   0.0281784374148897   -0.0085255717300996   0.0024339293205214   0.8686438810607583   -0.0011813163684370   0.0006486629329176   -0.0001487807699699   -0.0002019256554990   -0.0000000000000000   -0.0000510760781241   
 0.0200000000000000   -3.2589884422924889   1.5017784552417979   -0.0012752246877443   0.0006089234854521   -0.0001876312373178   0.0156606279601572   -0.0068163520992913   0.0023716769559614   0.8360612688873037   -0.0010840002104028   0.0006089234854521   -0.0001457881793009   -0.0001912244773415   -0.0000000000000000   -0.0000418430580170   
 0.0250000000000000   -3.2514384446119777   1.5485534290803571   -0.0012189496514353   0.0005822185495814   -0.0001763586069177   0.0076179070871721   -0.0039326397019535   0.0021450397663571   0.8109728375695251   -0.0010315287122981   0.0005822185495814   -0.0001410131620987   -0.0001874209391372   -0.0000000000000000   -0.0000353454448191   
 0.0300000000000000   -3.2432671157343718   1.7357548838504837   -0.0011921802092518   0.0005679356753857   -0.0001660613728570   0.0036756526632792   -0.0019900640397842   0.0019837572597117   0.7905458971012761   -0.0010056726353180   0.0005679356753857   -0.0001354112938107   -0.0001865075739338   -0.0000000000000000   -0.0000306500790463   
 0.0350000000000000   -3.2339974142722054   1.9739797948954778   -0.0011774213000041   0.0005602781575568   -0.0001564671410515   0.0025992602185317   -0.0012543631899068   0.0018553683722115   0.7723828378157822   -0.0009915735210167   0.0005602781575568   -0.0001294189826118   -0.0001858477789874   -0.0000000000000000   -0.0000270481584396   
 0.0400000000000000   -3.2235564057475932   2.1959259648118845   -0.0011634243786784   0.0005539193168224   -0.0001475166324127   0.0031907939183090   -0.0014006792289693   0.0017226905526819   0.7550122278100324   -0.0009795244669797   0.0005539193168224   -0.0001233477247176   -0.0001838999116986   -0.0000000000000000   -0.0000241689076951   
 0.0450000000000000   -3.2121233839015999   2.3675922275523122   -0.0011442847900871   0.0005454889809388   -0.0001392621419371   0.0045306511882373   -0.0020199714755373   0.0015773719279190   0.7377113268674408   -0.0009642543455292   0.0005454889809388   -0.0001174397706728   -0.0001800304445579   -0.0000000000000000   -0.0000218223712643   
 0.0500000000000000   -3.1999792530260187   2.4804588537122640   -0.0011178785833786   0.0005334688443444   -0.0001317518535866   0.0060232401614476   -0.0027939737431222   0.0014267566871817   0.7202365338399892   -0.0009436557157800   0.0005334688443444   -0.0001118583648242   -0.0001742228675986   -0.0000000000000000   -0.0000198934887624   
 0.0550000000000000   -3.1874075201853680   2.5402616884697404   -0.0010843481036076   0.0005176240011420   -0.0001249860316870   0.0073446048346391   -0.0035264648435933   0.0012811570822596   0.7026024592998072   -0.0009175553305997   0.0005176240011420   -0.0001066895818866   -0.0001667927730078   -0.0000000000000000   -0.0000182964498004   
 0.0600000000000000   -3.1746461983442162   2.5583360743287726   -0.0010449512827036   0.0004984383329347   -0.0001189191245014   0.0083583281615726   -0.0041206250046127   0.0011481171851894   0.6849355081817300   -0.0008867715443465   0.0004984383329347   -0.0001019590156930   -0.0001581797383571   -0.0000000000000000   -0.0000169601088085   
 0.0650000000000000   -3.1618737173072313   2.5466152523409438   -0.0010013228323298   0.0004767026596728   -0.0001134776092511   0.0090390284545849   -0.0045450243882552   0.0010313258713816   0.6673904871738953   -0.0008524987720019   0.0004767026596728   -0.0000976527556200   -0.0001488240603279   -0.0000000000000000   -0.0000158248536311   
 0.0700000000000000   -3.1492124047466170   2.5154010323057618   -0.0009550660147953   0.0004532631405342   -0.0001085775808321   0.0094173947823593   -0.0048049329177311   0.0009314458446176   0.6501099004203786   -0.0008159583749984   0.0004532631405342   -0.0000937354166052   -0.0001391076397969   -0.0000000000000000   -0.0000148421642268   
 0.0750000000000000   -3.1367386716636316   2.4727357746756855   -0.0009075649107422   0.0004288903735730   -0.0001041368588704   0.0095462276368149   -0.0049227785267108   0.0008473140013714   0.6332082515097852   -0.0007782305156028   0.0004288903735730   -0.0000901628466857   -0.0001293343951394   -0.0000000000000000   -0.0000139740121847   
 0.0800000000000000   -3.1244941974456522   2.4245215747409343   -0.0008599253082377   0.0004042254695396   -0.0001000815435649   0.0094819255700764   -0.0049265228643047   0.0007769141398372   0.6167692738361339   -0.0007401939028958   0.0004042254695396   -0.0000868898918136   -0.0001197314053419   -0.0000000000000000   -0.0000131916517514   
 0.0850000000000000   -3.1124957243667302   2.3749017410766764   -0.0008129816690327   0.0003797695008707   -0.0000963485745347   0.0092757245950513   -0.0048435349136889   0.0007180047048103   0.6008489333858229   -0.0007025226296993   0.0003797695008707   -0.0000838745233392   -0.0001104590393334   -0.0000000000000000   -0.0000124740511955   
 0.0900000000000000   -3.1007428040815825   2.3266749257555426   -0.0007673326691389   0.0003558943994143   -0.0000928859012628   0.0089704612718293   -0.0046978351784899   0.0006684618821674   0.5854803981245731   -0.0006657090002582   0.0003558943994143   -0.0000810796289783   -0.0001016236688807   -0.0000000000000000   -0.0000118062722844   
 0.0950000000000000   -3.0892235940184145   2.2816535580741983   -0.0007233850032785   0.0003328624436975   -0.0000896514502827   0.0086001633221148   -0.0045092187410261   0.0006264329968341   0.5706791547575696   -0.0006300951052634   0.0003328624436975   -0.0000784734529825   -0.0000932898980151   -0.0000000000000000   -0.0000111779973002   
 0.1000000000000000   -3.0779190529708114   2.2409452425861787   -0.0006813955923134   0.0003108474653591   -0.0000866116293381   0.0081909098916402   -0.0042933276846201   0.0005903793741906   0.5564475241403225   -0.0005959045011328   0.0003108474653591   -0.0000760293363328   -0.0000854910911806   -0.0000000000000000   -0.0000105822930053   
 0.1500000000000000   -2.9712889481823939   2.0991715258921944   -0.0003739251015916   0.0001525228666489   -0.0000630256083475   0.0043656430871807   -0.0021692788740924   0.0003832890097152   0.4419482873235638   -0.0003395442054843   0.0001525228666490   -0.0000571098768757   -0.0000343808961073   -0.0000000000000000   -0.0000059157314717   
 0.2000000000000000   -2.8631229516250905   2.2514072984091804   -0.0002140123861305   0.0000762934240854   -0.0000468419701918   0.0022772940679332   -0.0010250040839632   0.0002720488134355   0.3637705962647363   -0.0002000796231890   0.0000762934240860   -0.0000436923138424   -0.0000139327629415   -0.0000000000000006   -0.0000031496563494   
 0.2500000000000000   -2.7454765210359651   2.4489738418173488   -0.0001288068475363   0.0000398510408646   -0.0000352361091589   0.0012483259416473   -0.0005000110307620   0.0001966782602275   0.3071490238767329   -0.0001229249624270   0.0000398510408676   -0.0000335732768167   -0.0000058818851093   -0.0000000000000030   -0.0000016628323422   
 0.3000000000000000   -2.6194007058039168   2.5788834595731456   -0.0000810102681508   0.0000217349181441   -0.0000268074311684   0.0007193180535528   -0.0002545991015835   0.0001434846671010   0.2642015084957370   -0.0000784090740413   0.0000217349181518   -0.0000259184626664   -0.0000026011941095   -0.0000000000000078   -0.0000008889685020   
 0.3500000000000000   -2.4891580429233868   2.6157915529153448   -0.0000529039687742   0.0000123368005720   -0.0000206348022872   0.0004328308155249   -0.0001351000218098   0.0001055348505153   0.2306306655598631   -0.0000516992739835   0.0000123368005862   -0.0000201492786077   -0.0000012046947907   -0.0000000000000142   -0.0000004855236795   
 0.4000000000000000   -2.3591573815295854   2.5728437027586812   -0.0000356918508324   0.0000072625107283   -0.0000160756139490   0.0002703414287059   -0.0000744693137750   0.0000783284866829   0.2038689175005208   -0.0000351086851171   0.0000072625107494   -0.0000158037127816   -0.0000005831657153   -0.0000000000000211   -0.0000002719011674   
 0.4500000000000000   -2.2328061972987805   2.4738635386588763   -0.0000247746900082   0.0000044202307241   -0.0000126757257449   0.0001744333364913   -0.0000425093755318   0.0000587259083387   0.1822399724000125   -0.0000244803733483   0.0000044202307515   -0.0000125193973568   -0.0000002943166599   -0.0000000000000274   -0.0000001563283881   
 0.5000000000000000   -2.1123293799507241   2.3411951234912571   -0.0000176339554936   0.0000027734853375   -0.0000101136486952   0.0001158267574905   -0.0000250593132601   0.0000445073651942   0.1645728400157153   -0.0000174795266787   0.0000027734853699   -0.0000100213730904   -0.0000001544288149   -0.0000000000000323   -0.0000000922756048   
 0.5500000000000000   -1.9989598258475412   2.1919559657630501   -0.0000128343108585   0.0000017892789242   -0.0000081615863617   0.0000789018795007   -0.0000152169112285   0.0000341083460958   0.1500115462357730   -0.0000127503109343   0.0000017892789600   -0.0000081057086857   -0.0000000839999242   -0.0000000000000358   -0.0000000558776760   
 0.6000000000000001   -1.8932114878406141   2.0379111138799826   -0.0000095287670720   0.0000011839750185   -0.0000066576360441   0.0000549942400149   -0.0000094958988096   0.0000264308005638   0.1379122757320528   -0.0000094815361761   0.0000011839750564   -0.0000066229629043   -0.0000000472308958   -0.0000000000000379   -0.0000000346731398   
 0.6500000000000000   -1.7951226288816327   1.8865293386750834   -0.0000072019029111   0.0000008017706368   -0.0000054861024069   0.0000391304562838   -0.0000060764747300   0.0000207050071457   0.1277820322528705   -0.0000071745266716   0.0000008017706755   -0.0000054640853355   -0.0000000273762395   -0.0000000000000387   -0.0000000220170714   
 0.7000000000000001   -1.7044400506007920   1.7421894404879374   -0.0000055313174597   0.0000005545219335   -0.0000045637048867   0.0000283678882573   -0.0000039792256944   0.0000163902582089   0.1192387725411981   -0.0000055150025234   0.0000005545219720   -0.0000045494189691   -0.0000000163149362   -0.0000000000000384   -0.0000000142859176   
 0.7500000000000000   -1.6207473217299344   1.6071876282950495   -0.0000043102751082   0.0000003909753533   -0.0000038299805443   0.0000209173494961   -0.0000026617773091   0.0000131048945756   0.1119838053525155   -0.0000043003029357   0.0000003909753908   -0.0000038205223730   -0.0000000099721725   -0.0000000000000375   -0.0000000094581712   
 0.8000000000000000   -1.5435492456298050   1.4824815738472559   -0.0000034031839273   0.0000002805571446   -0.0000032406212289   0.0000156637757981   -0.0000018156573884   0.0000105777070740   0.1057818847320966   -0.0000033969468948   0.0000002805571805   -0.0000032342408887   -0.0000000062370325   -0.0000000000000359   -0.0000000063803402   
 0.8500000000000001   -1.4723250734178617   1.3682054052707515   -0.0000027192616340   0.0000002045907359   -0.0000027628408029   0.0000118963912104   -0.0000012609928378   0.0000086144302296   0.1004464945871887   -0.0000027152787813   0.0000002045907697   -0.0000027584611819   -0.0000000039828527   -0.0000000000000338   -0.0000000043796209   
 0.8999999999999999   -1.4065605208106648   1.2640119252273792   -0.0000021965681380   0.0000001514120415   -0.0000023721400275   0.0000091526609016   -0.0000008904227111   0.0000070746921650   0.0958288092806284   -0.0000021939768105   0.0000001514120731   -0.0000023690848169   -0.0000000025913274   -0.0000000000000315   -0.0000000030552106   
 0.9500000000000001   -1.3457659022531232   1.1692933048393657   -0.0000017921016452   0.0000001135850514   -0.0000020500334063   0.0000071258066250   -0.0000006384538476   0.0000058561327091   0.0918093339610623   -0.0000017903874202   0.0000001135850804   -0.0000020478699225   -0.0000000017142250   -0.0000000000000290   -0.0000000021634838   
 1.0000000000000000   -1.2894854218369425   1.0833196793909141   -0.0000014755262098   0.0000000862775787   -0.0000017824400169   0.0000056087462380   -0.0000004643110299   0.0000048834145694   0.0882915313830075   -0.0000014743755787   0.0000000862776051   -0.0000017808865207   -0.0000000011506311   -0.0000000000000264   -0.0000000015534963   
 1.5000000000000000   -0.9002191923372053   0.5542805067006166   -0.0000003068735174   0.0000000092065528   -0.0000005681476654   0.0000008037412634   -0.0000000346173756   0.0000010921982564   0.0687083354297146   -0.0000003068513700   0.0000000092065544   -0.0000005680456986   -0.0000000000221474   -0.0000000000000016   -0.0000000001019668   
 2.0000000000000000   -0.6866620075795393   0.3283014647311741   -0.0000000984085325   0.0000000017746526   -0.0000002457585853   0.0000001955126823   -0.0000000051567808   0.0000003609661502   0.0610321910527933   -0.0000000984271471   0.0000000017746369   -0.0000002457444742   0.0000000000186146   0.0000000000000157   -0.0000000000141111   
 2.5000000000000000   -0.5536810030966911   0.2152607308995285   -0.0000000404494601   0.0000000004755651   -0.0000001272095638   0.0000000646157365   -0.0000000011428178   0.0000001507524936   0.0572059608164951   -0.0000000404702115   0.0000000004755378   -0.0000001272058587   0.0000000000207514   0.0000000000000272   -0.0000000000037051   
 3.0000000000000000   -0.4633776061978208   0.1514685384824698   -0.0000000195085312   0.0000000001553987   -0.0000000740230645   0.0000000260437371   -0.0000000003258658   0.0000000734321792   0.0549946491440736   -0.0000000195287695   0.0000000001553634   -0.0000000740211161   0.0000000000202382   0.0000000000000353   -0.0000000000019484   
 3.5000000000000000   -0.3981980473704794   0.1121675819385764   -0.0000000105153252   0.0000000000570929   -0.0000000467578039   0.0000000120577227   -0.0000000001101758   0.0000000398622059   0.0535840090376626   -0.0000000105349544   0.0000000000570518   -0.0000000467561948   0.0000000000196292   0.0000000000000411   -0.0000000000016090   
 4.0000000000000000   -0.3489961944676307   0.0863183164094804   -0.0000000061496653   0.0000000000220481   -0.0000000313811255   0.0000000061827287   -0.0000000000419639   0.0000000234467888   0.0526188034448215   -0.0000000061688055   0.0000000000220025   -0.0000000313795686   0.0000000000191402   0.0000000000000456   -0.0000000000015569   
 4.5000000000000000   -0.3105642792013066   0.0684398687477337   -0.0000000038274855   0.0000000000081837   -0.0000000220652371   0.0000000034285014   -0.0000000000173773   0.0000000146696222   0.0519230705595926   -0.0000000038462447   0.0000000000081346   -0.0000000220636708   0.0000000000187592   0.0000000000000490   -0.0000000000015663   
 5.0000000000000000   -0.2797275543513156   0.0555733835121604   -0.0000000025015793   0.0000000000022903   -0.0000000160977777   0.0000000020226523   -0.0000000000076102   0.0000000096385278   0.0514010588470396   -0.0000000025200373   0.0000000000022385   -0.0000000160961919   0.0000000000184580   0.0000000000000518   -0.0000000000015858   
 5.5000000000000000   -0.2544436258595777   0.0460117264124619   -0.0000000017004986   -0.0000000000003308   -0.0000000121009153   0.0000000012546693   -0.0000000000034372   0.0000000065896066   0.0509967562003844   -0.0000000017187134   -0.0000000000003849   -0.0000000120993120   0.0000000000182148   0.0000000000000541   -0.0000000000016033   
 6.0000000000000000   -0.2333402734867824   0.0387154950213983   -0.0000000011936505   -0.0000000000015190   -0.0000000093244493   0.0000000008112382   -0.0000000000015559   0.0000000046557931   0.0506754641109605   -0.0000000012116652   -0.0000000000015750   -0.0000000093228326   0.0000000000180146   0.0000000000000560   -0.0000000000016167   
 6.5000000000000000   -0.2154620255014681   0.0330231309227233   -0.0000000008604189   -0.0000000000020499   -0.0000000073362153   0.0000000005431261   -0.0000000000006758   0.0000000033817857   0.0504146639892942   -0.0000000008782659   -0.0000000000021074   -0.0000000073345891   0.0000000000178471   0.0000000000000576   -0.0000000000016263   
 7.0000000000000000   -0.2001234171197713   0.0284976227317945   -0.0000000006341133   -0.0000000000022700   -0.0000000058753423   0.0000000003745804   -0.0000000000002556   0.0000000025150591   0.0501991683762585   -0.0000000006518180   -0.0000000000023289   -0.0000000058737095   0.0000000000177047   0.0000000000000589   -0.0000000000016328   
 7.5000000000000000   -0.1868200663982597   0.0248410334002365   -0.0000000004760989   -0.0000000000023413   -0.0000000047780289   0.0000000002650343   -0.0000000000000547   0.0000000019089487   0.0500183974123698   -0.0000000004936812   -0.0000000000024015   -0.0000000047763919   0.0000000000175823   0.0000000000000601   -0.0000000000016370   
 8.0000000000000000   -0.1751726692110435   0.0218446558572982   -0.0000000003630855   -0.0000000000023422   -0.0000000039379021   0.0000000001917503   0.0000000000000388   0.0000000014748526   0.0498647749690292   -0.0000000003805614   -0.0000000000024034   -0.0000000039362626   0.0000000000174759   0.0000000000000611   -0.0000000000016395   
 8.5000000000000000   -0.1648905413665808   0.0193588041855874   -0.0000000002805423   -0.0000000000023113   -0.0000000032838428   0.0000000001414723   0.0000000000000788   0.0000000011573927   0.0497327453969424   -0.0000000002979248   -0.0000000000023734   -0.0000000032822021   0.0000000000173825   0.0000000000000621   -0.0000000000016408   
 9.0000000000000000   -0.1557471954761021   0.0172738832438416   -0.0000000002191280   -0.0000000000022678   -0.0000000027670778   0.0000000001062022   0.0000000000000922   0.0000000009209135   0.0496181495241725   -0.0000000002364280   -0.0000000000023307   -0.0000000027654367   0.0000000000173000   0.0000000000000629   -0.0000000000016411   
 9.5000000000000000   -0.1475635644479552   0.0155081739647247   -0.0000000001726773   -0.0000000000022213   -0.0000000023534014   0.0000000000809665   0.0000000000000925   0.0000000007418492   0.0495178165485776   -0.0000000001899037   -0.0000000000022849   -0.0000000023517606   0.0000000000172264   0.0000000000000636   -0.0000000000016408   
 10.0000000000000000   -0.1401962197236679   0.0139997458921713   -0.0000000001370244   -0.0000000000021763   -0.0000000020183431   0.0000000000625887   0.0000000000000869   0.0000000006042587   0.0494292899866335   -0.0000000001541849   -0.0000000000022405   -0.0000000020167031   0.0000000000171604   0.0000000000000642   -0.0000000000016400   
 15.0000000000000000   -0.0934983412238299   0.0062299949704148   -0.0000000000119143   -0.0000000000019258   -0.0000000006009417   0.0000000000081468   0.0000000000000237   0.0000000001193524   0.0489074203212789   -0.0000000000286621   -0.0000000000019941   -0.0000000005993186   0.0000000000167478   0.0000000000000683   -0.0000000000016231   
 20.0000000000000000   -0.0701309588240619   0.0035057488948971   0.0000000000088410   -0.0000000000018588   -0.0000000002559512   0.0000000000018990   0.0000000000000069   0.0000000000377617   0.0486714331782060   -0.0000000000077036   -0.0000000000019291   -0.0000000002543444   0.0000000000165446   0.0000000000000703   -0.0000000000016068   
 25.0000000000000000   -0.0561067834632550   0.0022440352144041   0.0000000000143887   -0.0000000000018375   -0.0000000001330955   0.0000000000006051   0.0000000000000024   0.0000000000154690   0.0485377553501726   -0.0000000000020349   -0.0000000000019091   -0.0000000001315010   0.0000000000164236   0.0000000000000715   -0.0000000000015945   
 30.0000000000000000   -0.0467562724844530   0.0015584725317083   0.0000000000163149   -0.0000000000018296   -0.0000000000787808   0.0000000000002332   0.0000000000000010   0.0000000000074621   0.0484519173599239   -0.0000000000000283   -0.0000000000019020   -0.0000000000771956   0.0000000000163432   0.0000000000000723   -0.0000000000015853   
 35.0000000000000000   -0.0400769741043737   0.0011450424291971   0.0000000000171003   -0.0000000000018264   -0.0000000000511465   0.0000000000001015   0.0000000000000004   0.0000000000040296   0.0483922057089846   0.0000000000008143   -0.0000000000018993   -0.0000000000495683   0.0000000000162860   0.0000000000000729   -0.0000000000015781   
 40.0000000000000000   -0.0350673627146989   0.0008766897986834   0.0000000000174552   -0.0000000000018251   -0.0000000000356250   0.0000000000000478   0.0000000000000002   0.0000000000023634   0.0483482954273166   0.0000000000012120   -0.0000000000018984   -0.0000000000340525   0.0000000000162432   0.0000000000000733   -0.0000000000015725   
 45.0000000000000000   -0.0311709432516779   0.0006926998973476   0.0000000000176258   -0.0000000000018246   -0.0000000000262419   0.0000000000000235   0.0000000000000000   0.0000000000014765   0.0483146596080423   0.0000000000014158   -0.0000000000018982   -0.0000000000246740   0.0000000000162100   0.0000000000000737   -0.0000000000015679   
 50.0000000000000000   -0.0280537858783575   0.0005610894704251   0.0000000000177101   -0.0000000000018245   -0.0000000000202378   0.0000000000000116   -0.0000000000000000   0.0000000000009695   0.0482880759413527   0.0000000000015267   -0.0000000000018984   -0.0000000000186737   0.0000000000161834   0.0000000000000739   -0.0000000000015641   
 55.0000000000000000   -0.0255033767491665   0.0004637110476012   0.0000000000177513   -0.0000000000018246   -0.0000000000162178   0.0000000000000055   -0.0000000000000000   0.0000000000006628   0.0482665402806532   0.0000000000015896   -0.0000000000018987   -0.0000000000146568   0.0000000000161617   0.0000000000000741   -0.0000000000015610   
 60.0000000000000000   -0.0233780343487568   0.0003896460386364   0.0000000000177698   -0.0000000000018248   -0.0000000000134248   0.0000000000000023   -0.0000000000000000   0.0000000000004685   0.0482487412977222   0.0000000000016263   -0.0000000000018991   -0.0000000000118665   0.0000000000161436   0.0000000000000743   -0.0000000000015583   
 65.0000000000000000   -0.0215796689043305   0.0003320057116967   0.0000000000177762   -0.0000000000018250   -0.0000000000114237   0.0000000000000005   -0.0000000000000000   0.0000000000003405   0.0482337851973381   0.0000000000016479   -0.0000000000018995   -0.0000000000098677   0.0000000000161283   0.0000000000000745   -0.0000000000015560   
 70.0000000000000000   -0.0200382150647491   0.0002862697332272   0.0000000000177758   -0.0000000000018252   -0.0000000000099522   -0.0000000000000005   -0.0000000000000000   0.0000000000002535   0.0482210419283961   0.0000000000016607   -0.0000000000018998   -0.0000000000083982   0.0000000000161152   0.0000000000000746   -0.0000000000015540   
 75.0000000000000000   -0.0187022909686589   0.0002493722286772   0.0000000000177718   -0.0000000000018255   -0.0000000000088459   -0.0000000000000010   -0.0000000000000000   0.0000000000001926   0.0482100546579499   0.0000000000016680   -0.0000000000019002   -0.0000000000072936   0.0000000000161038   0.0000000000000747   -0.0000000000015523   
 80.0000000000000000   -0.0175333599188329   0.0002191743186514   0.0000000000177658   -0.0000000000018257   -0.0000000000079978   -0.0000000000000013   -0.0000000000000000   0.0000000000001490   0.0482004841124553   0.0000000000016719   -0.0000000000019005   -0.0000000000064471   0.0000000000160939   0.0000000000000748   -0.0000000000015507   
 85.0000000000000000   -0.0165019525264829   0.0001941470442490   0.0000000000177588   -0.0000000000018259   -0.0000000000073366   -0.0000000000000014   -0.0000000000000000   0.0000000000001171   0.0481920730719032   0.0000000000016737   -0.0000000000019008   -0.0000000000057873   0.0000000000160851   0.0000000000000749   -0.0000000000015493   
 90.0000000000000000   -0.0155851480837680   0.0001731739681788   0.0000000000177514   -0.0000000000018261   -0.0000000000068135   -0.0000000000000015   -0.0000000000000000   0.0000000000000933   0.0481846229924507   0.0000000000016741   -0.0000000000019011   -0.0000000000052654   0.0000000000160774   0.0000000000000750   -0.0000000000015481   
 95.0000000000000000   -0.0147648512630503   0.0001554244807023   0.0000000000177440   -0.0000000000018263   -0.0000000000063941   -0.0000000000000015   -0.0000000000000000   0.0000000000000753   0.0481779781866314   0.0000000000016736   -0.0000000000019014   -0.0000000000048471   0.0000000000160704   0.0000000000000751   -0.0000000000015470   
 100.0000000000000000   -0.0140265857911207   0.0001402702817559   0.0000000000177367   -0.0000000000018265   -0.0000000000060538   -0.0000000000000014   -0.0000000000000000   0.0000000000000614   0.0481720148576100   0.0000000000016726   -0.0000000000019016   -0.0000000000045078   0.0000000000160641   0.0000000000000751   -0.0000000000015460   
